Ambient Temperature(C): 19.8
Ambient Pressure(in Hg): 29.3
29.3
Time(s)	T1(Deg C)	Wall Temp(Deg C)	Top Plate(Deg C)	Bottom Plate(Deg C)	P1(PSI)	P2(PSI)	Mass Flowrate(g/min)	Heater Energy (kJ)

0.00	20.00	19.70	19.80	19.60	1.00	0.50	0.00	0.00
0.10	20.00	19.60	19.80	19.70	1.00	0.50	0.00	0.00
0.20	20.00	19.60	19.80	19.70	0.90	1.30	0.00	0.00
0.30	19.90	19.50	19.70	19.70	1.80	1.30	0.00	0.00
0.40	20.00	19.60	19.80	19.70	1.30	0.70	0.00	0.00
0.50	20.00	19.60	19.80	19.70	1.00	0.80	0.00	0.00
0.60	20.00	19.70	19.70	19.70	1.50	1.00	0.00	0.00
0.70	20.00	19.70	19.70	19.80	1.30	0.40	0.00	0.00
0.80	20.00	19.70	19.70	19.80	1.30	1.00	0.00	0.00
0.90	19.90	19.60	19.70	19.80	1.50	0.50	0.00	0.00
1.00	20.00	19.60	19.80	19.80	1.00	0.70	0.00	0.00
1.10	20.00	19.60	19.80	19.80	0.90	0.70	0.00	0.00
1.20	20.10	19.70	19.90	19.70	1.20	1.00	0.00	0.00
1.30	20.10	19.60	19.70	19.80	1.20	0.70	0.00	0.00
1.40	20.10	19.60	19.70	19.80	1.00	0.50	0.00	0.00
1.50	19.90	19.70	19.80	19.90	-0.10	1.20	0.00	0.00
1.60	20.10	19.70	19.80	19.80	1.20	0.80	0.00	0.00
1.70	20.10	19.70	19.80	19.80	1.20	0.80	0.00	0.00
1.80	19.90	19.60	19.70	19.80	1.00	1.30	0.00	0.00
1.90	19.90	19.70	19.80	19.70	1.30	0.70	0.00	0.00
2.00	19.90	19.70	19.80	19.70	1.30	0.70	0.00	0.00
2.10	20.10	19.70	19.70	19.70	1.30	0.70	0.00	0.00
2.20	19.90	19.70	19.70	19.80	1.00	0.70	0.00	0.00
2.30	19.90	19.70	19.70	19.80	1.50	1.20	0.00	0.00
2.40	20.00	19.70	19.80	19.80	0.70	1.00	0.00	0.00
2.50	19.90	19.60	19.70	19.60	1.20	1.20	0.00	0.00
2.60	19.90	19.60	19.70	19.60	0.90	1.00	0.00	0.00
2.70	19.90	19.70	19.90	19.70	1.20	1.20	0.00	0.00
2.80	20.00	19.50	19.80	19.70	1.20	0.80	0.00	0.00
2.90	20.00	19.50	19.80	19.70	1.20	0.80	0.00	0.00
3.00	20.10	19.70	19.90	19.80	1.30	1.00	0.00	0.00
3.10	20.00	19.60	19.70	19.70	1.20	0.40	0.00	0.00
3.20	20.00	19.60	19.70	19.70	1.20	0.80	0.00	0.00
3.30	20.10	19.70	19.90	19.80	1.30	1.20	0.00	0.00
3.40	20.10	19.70	19.90	19.80	1.00	0.80	0.00	0.00
3.50	20.00	19.60	19.90	19.80	1.50	0.70	0.00	0.00
3.60	19.90	19.50	19.70	19.70	1.30	0.80	0.00	0.00
3.70	19.90	19.60	19.80	19.60	1.00	0.80	0.00	0.00
3.80	19.90	19.60	19.80	19.60	1.00	0.80	0.00	0.00
3.90	19.80	19.50	19.70	19.60	1.20	1.00	0.00	0.00
4.00	19.90	19.60	19.90	19.90	1.50	0.80	0.00	0.00
4.10	19.90	19.60	19.90	19.90	0.90	0.80	0.00	0.00
4.20	20.10	19.60	19.80	19.80	1.50	0.80	0.00	0.00
4.30	19.90	19.60	19.70	19.80	1.20	0.80	0.00	0.00
4.40	19.90	19.60	19.70	19.80	1.30	1.20	0.00	0.00
4.50	20.10	19.60	19.80	19.80	1.60	0.40	0.00	0.00
4.60	20.10	19.60	19.80	19.80	1.00	0.70	0.00	0.00
4.70	20.00	19.60	19.60	19.70	0.90	1.30	0.00	0.00
4.80	20.10	19.80	19.90	19.90	0.90	1.30	0.00	0.00
4.90	20.10	19.80	19.90	19.90	1.20	0.80	0.00	0.00
5.00	19.90	19.60	19.80	19.80	1.30	1.00	0.00	0.00
5.10	20.00	19.60	19.70	19.70	1.00	1.00	0.00	0.00
5.20	20.00	19.60	19.70	19.70	1.20	1.00	0.00	0.00
5.30	19.90	19.70	19.90	19.80	1.30	0.80	0.00	0.00
5.40	19.80	19.60	19.70	19.70	1.20	0.50	0.00	0.00
5.50	19.80	19.60	19.70	19.70	1.30	0.70	0.00	0.00
5.60	19.90	19.60	19.70	19.80	1.50	1.20	0.00	0.00
5.70	19.90	19.60	19.70	19.80	1.50	1.20	0.00	0.00
5.80	20.00	19.60	20.00	19.70	1.20	1.20	0.00	0.00
5.90	19.80	19.60	19.80	19.70	1.50	0.80	0.00	0.00
6.00	19.80	19.60	19.80	19.70	1.20	0.80	0.00	0.00
6.10	19.90	19.70	19.70	19.90	1.20	0.50	0.00	0.00
6.20	19.90	19.70	19.70	19.90	0.90	0.80	0.00	0.00
6.30	19.90	19.60	19.80	19.70	1.20	1.00	0.00	0.00
6.40	20.00	19.70	19.80	19.70	1.00	0.80	0.00	0.00
6.50	20.00	19.70	19.80	19.70	0.90	0.80	0.00	0.00
6.60	20.00	19.50	19.70	19.70	1.00	0.70	0.00	0.00
6.70	19.90	19.60	19.80	19.70	1.00	0.70	0.00	0.00
6.80	19.90	19.60	19.80	19.70	1.20	0.80	0.00	0.00
6.90	20.00	19.60	19.70	19.80	1.30	0.80	0.00	0.00
7.00	20.00	19.60	19.80	19.80	1.30	1.20	0.00	0.00
7.10	20.00	19.60	19.80	19.80	1.20	0.70	0.00	0.00
7.20	20.10	19.60	19.90	19.80	1.20	0.70	0.00	0.00
7.30	20.10	19.70	19.80	19.80	1.00	1.20	0.00	0.00
7.40	20.10	19.70	19.80	19.80	1.30	1.20	0.00	0.00
7.50	20.00	19.60	19.70	19.70	0.60	0.70	0.00	0.00
7.60	20.00	19.60	19.70	19.70	1.20	1.50	0.00	0.00
7.70	19.90	19.70	19.70	19.80	1.20	1.50	0.00	0.00
7.80	20.10	19.70	19.80	19.70	1.20	1.20	0.00	0.00
7.90	20.10	19.70	19.80	19.70	1.30	0.50	0.00	0.00
8.00	19.90	19.60	19.70	19.60	0.90	1.20	0.00	0.00
8.10	19.80	19.60	19.80	19.70	1.00	1.00	0.00	0.00
8.20	19.80	19.60	19.80	19.70	1.30	1.20	0.00	0.00
8.30	20.00	19.60	19.60	19.70	1.00	1.00	0.00	0.00
8.40	20.00	19.50	19.70	19.70	1.30	1.20	0.00	0.00
8.50	20.00	19.50	19.70	19.70	1.00	1.20	0.00	0.00
8.60	20.10	19.70	19.80	19.80	1.00	1.20	0.00	0.00
8.70	20.10	19.80	19.80	19.80	1.20	1.00	0.00	0.00
8.80	20.10	19.80	19.80	19.80	1.20	0.70	0.00	0.00
8.90	19.90	19.60	19.80	19.80	1.20	0.80	0.00	0.00
9.00	19.90	19.60	19.80	19.80	1.50	0.80	0.00	0.00
9.10	20.00	19.60	19.70	19.70	1.30	1.00	0.00	0.00
9.20	20.10	19.70	19.80	19.70	1.00	1.00	0.00	0.00
9.30	20.10	19.70	19.80	19.70	0.10	1.20	0.00	0.00
9.40	20.00	19.60	19.70	19.70	1.20	1.30	0.00	0.00
9.50	19.90	19.60	19.80	19.70	1.50	1.00	0.00	0.00
9.60	19.90	19.60	19.80	19.70	1.50	1.00	0.00	0.00
9.70	19.90	19.50	19.60	19.60	1.20	0.50	0.00	0.00
9.80	19.90	19.50	19.60	19.60	1.50	0.80	0.00	0.00
9.90	20.10	19.70	19.80	19.60	1.20	1.00	0.00	0.00
10.00	20.00	19.70	19.70	19.60	1.30	0.50	0.00	0.00
10.10	20.00	19.70	19.70	19.60	1.50	1.30	0.00	0.00
10.20	19.90	19.60	19.70	19.60	1.20	1.00	0.00	0.00
10.30	20.10	19.70	19.80	19.80	1.00	1.20	0.00	0.00
10.40	20.10	19.70	19.80	19.80	1.00	0.80	0.00	0.00
10.50	20.00	19.60	19.80	19.70	1.30	1.00	0.00	0.00
10.60	20.10	19.60	19.90	19.80	1.30	1.00	0.00	0.00
10.70	20.10	19.60	19.90	19.80	1.00	0.50	0.00	0.00
10.80	20.00	19.70	19.80	19.80	1.30	0.80	0.00	0.00
10.90	20.00	19.70	19.70	19.60	1.20	1.00	0.00	0.00
11.00	20.00	19.70	19.70	19.60	1.00	0.80	0.00	0.00
11.10	20.20	19.80	19.80	19.70	0.90	0.50	0.00	0.00
11.20	20.20	19.80	19.80	19.70	1.00	1.00	0.00	0.00
11.30	20.20	19.60	19.80	19.80	0.90	0.70	0.00	0.00
11.40	20.00	19.70	19.60	19.60	1.20	1.00	0.00	0.00
11.50	20.00	19.70	19.60	19.60	1.30	1.00	0.00	0.00
11.60	20.00	19.60	19.80	19.70	1.30	1.00	0.00	0.00
11.70	20.00	19.70	19.80	19.80	1.20	0.70	0.00	0.00
11.80	20.00	19.70	19.80	19.80	1.00	1.20	0.00	0.00
11.90	20.00	19.60	19.80	19.70	1.50	0.80	0.00	0.00
12.00	20.00	19.60	19.80	19.70	1.00	1.00	0.00	0.00
12.10	19.90	19.60	19.80	19.70	1.30	0.50	0.00	0.00
12.20	20.00	19.70	19.70	19.70	1.50	0.70	0.00	0.00
12.30	20.00	19.70	19.70	19.70	1.20	1.00	0.00	0.00
12.40	19.90	19.50	19.80	19.70	1.20	1.20	0.00	0.00
12.50	20.10	19.60	19.80	19.80	1.30	0.70	0.00	0.00
12.60	20.10	19.60	19.80	19.80	1.30	0.70	0.00	0.00
12.70	20.00	19.60	19.70	19.60	1.20	1.00	0.00	0.00
12.80	20.00	19.60	19.80	19.70	1.00	0.80	0.00	0.00
12.90	20.00	19.60	19.80	19.70	0.90	0.70	0.00	0.00
13.00	19.90	19.60	19.90	19.70	1.00	1.20	0.00	0.00
13.10	19.80	19.60	19.80	19.60	1.20	0.80	0.00	0.00
13.20	19.80	19.60	19.80	19.60	1.30	1.30	0.00	0.00
13.30	20.00	19.60	19.80	19.70	1.00	1.30	0.00	0.00
13.40	20.00	19.60	19.80	19.70	1.20	1.20	0.00	0.00
13.50	20.00	19.60	19.80	19.80	1.00	0.80	0.00	0.00
13.60	20.00	19.70	19.70	19.70	1.00	0.80	0.00	0.00
13.70	20.00	19.70	19.70	19.70	1.30	0.70	0.00	0.00
13.80	19.90	19.50	19.60	19.70	1.30	0.80	0.00	0.00
13.90	20.10	19.70	19.80	19.80	1.30	0.80	0.00	0.00
14.00	20.10	19.70	19.80	19.80	1.20	1.20	0.00	0.00
14.10	19.90	19.60	19.80	19.70	0.70	1.20	0.00	0.00
14.20	20.00	19.70	19.70	19.70	1.20	0.40	0.00	0.00
14.30	20.00	19.70	19.70	19.70	0.90	0.80	0.00	0.00
14.40	20.00	19.50	19.70	19.70	1.20	1.20	0.00	0.00
14.50	19.90	19.60	19.80	19.80	1.20	1.20	0.00	0.00
14.60	19.90	19.60	19.80	19.80	1.50	0.80	0.00	0.00
14.70	20.10	19.70	19.80	19.70	1.60	0.50	0.00	0.00
14.80	19.80	19.50	19.80	19.70	1.50	1.00	0.00	0.00
14.90	19.80	19.50	19.80	19.70	1.20	0.80	0.00	0.00
15.00	20.10	19.70	19.80	19.80	1.00	0.70	0.00	0.00
15.10	19.90	19.70	19.80	19.70	1.20	0.80	0.00	0.00
15.20	19.90	19.70	19.80	19.70	1.20	0.40	0.00	0.00
15.30	19.90	19.60	19.80	19.70	0.70	0.80	0.00	0.00
15.40	19.90	19.60	19.80	19.70	0.70	0.80	0.00	0.00
15.50	19.90	19.60	19.80	19.70	0.70	0.80	0.00	0.00
15.60	20.20	19.70	19.90	19.80	0.40	0.80	0.00	0.00
15.70	20.20	19.70	19.90	19.80	1.20	0.80	0.00	0.00
15.80	19.90	19.70	19.80	19.80	1.20	1.00	0.00	0.00
15.90	20.00	19.60	19.70	19.70	1.30	0.80	0.00	0.00
16.00	20.00	19.60	19.70	19.70	1.00	1.20	0.00	0.00
16.10	20.00	19.60	19.80	19.80	1.30	0.80	0.00	0.00
16.20	20.10	19.80	19.80	19.70	1.30	0.40	0.00	0.00
16.30	20.10	19.80	19.80	19.70	1.00	0.50	0.00	0.00
16.40	19.90	19.60	19.90	19.80	1.00	0.50	0.00	0.00
16.50	19.90	19.40	19.70	19.70	1.30	1.00	0.00	0.00
16.60	19.90	19.40	19.70	19.70	1.00	0.80	0.00	0.00
16.70	20.20	19.60	19.90	19.80	1.00	0.50	0.00	0.00
16.80	19.90	19.70	19.80	19.70	1.30	0.70	0.00	0.00
16.90	19.90	19.70	19.80	19.70	1.00	0.80	0.00	0.00
17.00	20.00	19.40	19.80	19.70	1.30	0.50	0.00	0.00
17.10	20.00	19.40	19.70	19.80	1.20	1.20	0.00	0.00
17.20	20.00	19.40	19.70	19.80	1.30	0.70	0.00	0.00
17.30	20.00	19.50	19.80	19.80	1.20	1.20	0.00	0.00
17.40	20.10	19.60	19.80	19.70	1.20	1.20	0.00	0.00
17.50	20.10	19.60	19.80	19.70	1.60	0.70	0.00	0.00
17.60	20.20	19.60	19.70	19.90	1.00	0.70	0.00	0.00
17.70	20.00	19.70	19.80	19.80	0.90	1.30	0.00	0.00
17.80	20.00	19.70	19.80	19.80	1.20	0.50	0.00	0.00
17.90	20.00	19.60	19.90	19.80	1.50	1.00	0.00	0.00
18.00	19.90	19.60	19.70	19.80	1.30	0.70	0.00	0.00
18.10	19.90	19.60	19.70	19.80	1.50	0.80	0.00	0.00
18.20	20.00	19.60	19.80	19.70	1.00	1.00	0.00	0.00
18.30	20.10	19.70	19.80	19.80	1.00	1.00	0.00	0.00
18.40	20.10	19.70	19.80	19.80	0.90	0.80	0.00	0.00
18.50	20.00	19.70	19.80	19.80	1.30	1.20	0.00	0.00
18.60	19.90	19.60	19.80	19.70	1.20	1.20	0.00	0.00
18.70	19.90	19.60	19.80	19.70	1.60	0.80	0.00	0.00
18.80	19.90	19.40	19.80	19.70	1.20	1.00	0.00	0.00
18.90	20.00	19.70	19.80	19.70	1.00	0.70	0.00	0.00
19.00	20.00	19.70	19.80	19.70	1.00	0.80	0.00	0.00
19.10	20.20	19.60	19.80	19.70	1.00	0.80	0.00	0.00
19.20	20.10	19.70	19.70	19.80	1.00	0.80	0.00	0.00
19.30	20.10	19.70	19.70	19.80	1.50	0.50	0.00	0.00
19.40	20.00	19.70	20.00	19.80	1.00	1.00	0.00	0.00
19.50	20.00	19.70	20.00	19.80	0.90	0.80	0.00	0.00
19.60	20.00	19.60	19.70	19.70	1.30	0.80	0.00	0.00
19.70	20.10	19.60	19.80	19.80	1.00	1.20	0.00	0.00
19.80	20.10	19.60	19.80	19.80	1.20	1.00	0.00	0.00
19.90	20.00	19.70	19.80	19.70	1.60	1.00	0.00	0.00
20.00	20.00	19.70	19.80	19.70	1.50	0.80	0.00	0.00
20.10	20.00	19.70	19.70	19.80	1.80	1.20	0.00	0.00
20.20	19.90	19.60	19.80	19.70	1.80	1.20	0.00	0.00
20.30	19.90	19.60	19.80	19.70	1.30	0.70	0.00	0.00
20.40	20.00	19.60	19.80	19.80	1.00	0.70	0.00	0.00
20.50	20.00	19.60	19.80	19.80	1.20	1.20	0.00	0.00
20.60	20.10	19.60	19.80	19.70	1.30	0.50	0.00	0.00
20.70	20.00	19.50	19.80	19.70	0.90	1.20	0.00	0.00
20.80	20.00	19.50	19.80	19.70	1.30	0.50	0.00	0.00
20.90	19.80	19.60	19.70	19.70	1.50	1.20	0.00	0.00
21.00	19.90	19.60	19.80	19.90	1.20	0.80	0.00	0.00
21.10	19.90	19.60	19.80	19.90	1.30	1.20	0.00	0.00
21.20	20.00	19.70	19.90	19.90	1.30	1.20	0.00	0.00
21.30	19.90	19.50	19.70	19.70	1.20	1.00	0.00	0.00
21.40	19.90	19.50	19.70	19.70	1.20	1.00	0.00	0.00
21.50	19.90	19.60	19.60	19.70	1.20	0.70	9.65	0.00
21.60	20.10	19.70	19.80	19.80	1.60	1.20	9.84	0.00
21.70	20.10	19.70	19.80	19.80	1.20	0.80	18.04	0.00
21.80	20.00	19.50	19.70	19.70	1.30	0.70	13.78	0.00
21.90	20.20	19.70	19.80	19.70	1.20	0.70	11.86	0.00
22.00	20.20	19.70	19.80	19.70	1.50	0.80	11.33	0.00
22.10	20.40	19.70	19.90	19.90	1.50	0.80	10.92	0.00
22.20	20.20	19.50	19.60	19.60	1.50	0.80	10.58	0.00
22.30	20.20	19.50	19.60	19.60	1.30	0.70	14.54	0.00
22.40	20.40	19.60	19.90	19.80	1.50	0.70	19.81	0.00
22.50	20.40	19.60	19.90	19.80	1.60	1.00	25.91	0.00
22.60	20.30	19.60	19.80	19.90	1.90	1.20	25.97	0.00
22.70	20.40	19.50	19.60	19.70	2.10	0.70	25.88	0.00
22.80	20.40	19.50	19.60	19.70	2.10	1.00	25.85	0.00
22.90	20.60	19.60	19.80	19.70	1.90	1.20	27.28	0.00
23.00	20.70	19.70	19.90	19.80	2.10	1.00	30.12	0.00
23.10	20.70	19.70	19.90	19.80	2.10	1.00	31.83	0.00
23.20	20.70	19.50	19.70	19.70	2.30	0.80	34.15	0.00
23.30	20.80	19.60	19.70	19.70	2.30	0.50	36.41	0.00
23.40	20.80	19.60	19.70	19.70	2.10	0.50	38.56	0.00
23.50	21.10	19.60	19.80	19.80	2.40	1.00	40.74	0.00
23.60	21.10	19.60	19.80	19.70	3.00	0.70	41.80	0.00
23.70	21.10	19.60	19.80	19.70	3.20	0.80	43.26	0.00
23.80	21.20	19.60	19.80	19.80	2.90	1.20	44.98	0.00
23.90	21.40	19.60	19.80	19.90	3.20	0.70	47.15	0.00
24.00	21.40	19.60	19.80	19.90	3.20	0.70	48.99	0.00
24.10	21.50	19.70	19.90	19.90	3.60	0.70	49.91	0.00
24.20	21.60	19.60	19.80	19.80	3.80	0.70	50.56	0.00
24.30	21.60	19.60	19.80	19.80	3.80	0.70	50.81	0.00
24.40	21.70	19.60	19.70	19.60	3.90	0.80	50.70	0.00
24.50	21.70	19.60	19.70	19.60	3.80	0.70	50.68	0.00
24.60	21.90	19.70	19.90	19.80	4.10	0.80	50.70	0.00
24.70	22.00	19.70	19.80	19.80	4.40	0.70	50.62	0.00
24.80	22.00	19.70	19.80	19.80	4.40	1.00	50.57	0.00
24.90	22.20	19.60	19.80	19.70	4.40	0.70	50.56	0.00
25.00	22.10	19.60	19.70	19.70	4.40	0.70	50.47	0.00
25.10	22.10	19.60	19.70	19.70	4.60	0.80	50.40	0.00
25.20	22.20	19.70	19.70	19.70	4.90	1.20	50.28	0.00
25.30	22.20	19.70	19.70	19.70	5.20	0.80	50.27	0.00
25.40	22.40	19.70	19.70	19.80	5.80	0.80	50.27	0.00
25.50	22.50	19.50	19.70	19.60	5.60	1.00	50.14	0.00
25.60	22.50	19.50	19.70	19.60	5.20	0.80	50.10	0.00
25.70	22.60	19.60	19.80	19.80	5.60	0.80	50.05	0.00
25.80	22.60	19.50	19.80	19.80	5.60	1.00	50.02	0.00
25.90	22.60	19.50	19.80	19.80	5.80	0.80	49.96	0.00
26.00	22.90	19.70	19.60	19.70	5.80	0.80	49.95	0.00
26.10	23.00	19.60	19.80	19.80	6.30	0.80	49.88	0.00
26.20	23.00	19.60	19.80	19.80	6.40	0.80	49.88	0.00
26.30	22.90	19.70	19.60	19.90	6.60	0.80	49.82	0.00
26.40	23.10	19.80	19.80	19.80	7.00	1.20	49.79	0.00
26.50	23.10	19.80	19.80	19.80	6.70	0.80	49.75	0.00
26.60	23.20	19.70	19.80	19.70	6.70	1.00	49.65	0.00
26.70	23.30	19.70	19.80	19.70	6.90	0.80	49.72	0.00
26.80	23.30	19.70	19.80	19.70	7.20	1.00	49.61	0.00
26.90	23.20	19.70	19.80	19.70	7.20	1.00	49.60	0.00
27.00	23.20	19.70	19.80	19.70	7.50	0.80	49.60	0.00
27.10	23.30	19.70	19.80	19.90	7.30	1.20	49.55	0.00
27.20	23.40	19.50	19.80	19.90	7.60	0.70	49.51	0.00
27.30	23.40	19.50	19.80	19.90	7.60	0.80	49.48	0.00
27.40	23.40	19.60	19.80	19.80	7.50	0.80	49.46	0.00
27.50	23.40	19.50	19.70	19.70	8.10	1.00	49.44	0.00
27.60	23.40	19.50	19.70	19.70	8.10	1.50	49.40	0.00
27.70	23.40	19.70	19.80	19.70	8.40	1.00	49.15	0.00
27.80	23.50	19.60	19.80	19.60	8.40	1.00	49.11	0.00
27.90	23.50	19.60	19.80	19.60	8.70	1.00	49.14	0.00
28.00	23.60	19.70	19.80	19.90	8.90	0.70	49.17	0.00
28.10	23.40	19.60	19.70	19.60	8.70	0.80	49.23	0.00
28.20	23.40	19.60	19.70	19.60	9.00	1.00	49.23	0.00
28.30	23.50	19.70	19.80	19.80	9.30	1.00	49.18	0.00
28.40	23.60	19.60	19.70	19.70	8.90	0.70	49.23	0.00
28.50	23.60	19.60	19.70	19.70	9.20	0.80	49.23	0.00
28.60	23.60	19.60	19.70	19.60	9.60	0.70	49.82	0.00
28.70	23.60	19.60	19.70	19.60	9.60	0.70	49.96	0.00
28.80	23.50	19.60	19.80	19.70	9.80	1.30	50.06	0.00
28.90	23.70	19.60	19.80	19.80	9.50	1.00	50.07	0.00
29.00	23.70	19.60	19.80	19.80	9.90	0.80	50.07	0.00
29.10	23.70	19.60	19.80	19.80	10.70	0.70	50.10	0.00
29.20	23.80	19.70	19.70	19.70	10.30	0.70	50.07	0.00
29.30	23.80	19.70	19.70	19.70	10.60	0.80	50.07	0.00
29.40	23.70	19.70	19.70	19.60	10.40	0.80	50.11	0.00
29.50	23.80	19.70	19.70	19.80	9.60	0.80	50.07	0.00
29.60	23.80	19.70	19.70	19.80	10.60	0.80	50.07	0.00
29.70	23.80	19.50	19.80	19.70	10.60	0.80	50.02	0.00
29.80	24.10	19.80	19.70	19.70	11.20	1.00	50.04	0.00
29.90	24.10	19.80	19.70	19.70	11.30	0.80	50.04	0.00
30.00	23.80	19.60	19.70	19.80	11.60	0.70	50.00	0.00
30.10	23.90	19.60	19.80	19.90	11.30	1.00	50.01	0.00
30.20	23.90	19.60	19.80	19.90	11.50	0.70	50.02	0.00
30.30	24.00	19.60	19.70	19.70	11.90	0.50	50.00	0.00
30.40	24.00	19.60	19.70	19.70	11.50	0.80	50.01	0.00
30.50	24.00	19.70	19.70	19.70	11.80	0.70	49.99	0.00
30.60	23.80	19.50	19.80	19.70	11.80	0.70	50.02	0.00
30.70	23.80	19.50	19.80	19.70	12.70	0.80	49.98	0.00
30.80	24.00	19.60	19.90	19.80	12.30	0.50	49.96	0.00
30.90	24.00	19.60	19.90	19.80	12.30	0.80	49.96	0.00
31.00	24.00	19.60	19.90	19.80	12.90	1.20	49.96	0.00
31.10	24.00	19.60	19.80	19.70	12.90	1.00	49.92	0.00
31.20	24.20	19.70	19.90	19.80	12.60	1.20	49.92	0.00
31.30	24.20	19.70	19.90	19.80	13.20	0.50	49.89	0.00
31.40	24.10	19.60	19.70	19.70	13.00	0.50	49.91	0.00
31.50	24.30	19.60	19.70	19.70	13.00	0.50	49.89	0.00
31.60	24.30	19.60	19.70	19.70	13.30	0.70	49.87	0.00
31.70	24.20	19.70	19.80	19.70	13.50	0.80	49.85	0.00
31.80	24.30	19.60	19.80	19.70	13.80	0.80	49.85	0.00
31.90	24.30	19.60	19.80	19.70	13.30	1.50	49.83	0.00
32.00	24.20	19.60	19.70	19.70	14.30	1.00	49.85	0.00
32.10	24.20	19.60	19.70	19.70	14.30	0.70	49.81	0.00
32.20	24.20	19.70	19.70	19.60	14.30	0.80	49.81	0.00
32.30	24.40	19.60	19.80	19.70	14.60	1.00	49.81	0.00
32.40	24.40	19.60	19.80	19.70	14.10	0.80	49.76	0.00
32.50	24.20	19.60	19.80	19.70	14.10	0.80	49.79	0.00
32.60	24.40	19.80	19.80	19.80	14.70	1.20	49.76	0.00
32.70	24.40	19.80	19.80	19.80	15.00	1.00	49.74	0.00
32.80	24.20	19.60	19.70	19.60	15.20	1.30	49.74	0.00
32.90	24.20	19.60	19.70	19.60	14.70	1.30	50.39	0.00
33.00	24.40	19.60	19.80	19.90	15.30	1.20	50.37	0.00
33.10	24.50	19.60	19.70	19.80	15.20	1.00	50.34	0.00
33.20	24.50	19.60	19.70	19.80	15.60	0.70	50.32	0.00
33.30	24.40	19.60	19.80	19.70	15.90	1.30	50.30	0.00
33.40	24.40	19.60	19.80	19.80	15.90	1.30	50.32	0.00
33.50	24.40	19.60	19.80	19.80	16.40	0.80	50.28	0.00
33.60	24.40	19.60	19.80	19.80	16.10	0.80	50.30	0.00
33.70	24.60	19.60	19.80	19.70	16.60	1.00	50.24	0.00
33.80	24.60	19.60	19.80	19.70	16.40	1.20	50.23	0.00
33.90	24.50	19.60	19.90	19.90	16.40	1.20	50.23	0.00
34.00	24.50	19.60	19.70	19.70	16.40	0.80	50.21	0.00
34.10	24.50	19.60	19.70	19.70	17.00	1.00	50.19	0.00
34.20	24.50	19.60	19.70	19.70	17.00	0.70	50.18	0.00
34.30	24.30	19.40	19.70	19.70	17.00	0.70	50.17	0.00
34.40	24.30	19.40	19.70	19.70	17.00	0.70	50.19	0.00
34.50	24.40	19.70	19.70	19.70	17.00	0.70	50.15	0.00
34.60	24.40	19.70	19.70	19.70	17.50	1.20	50.11	0.00
34.70	24.60	19.70	19.80	19.90	17.50	0.70	50.10	0.00
34.80	24.60	19.60	19.70	19.80	17.80	0.70	50.12	0.00
34.90	24.60	19.60	19.70	19.80	17.60	0.70	50.06	0.00
35.00	24.50	19.70	19.80	19.80	17.80	0.70	50.06	0.00
35.10	24.50	19.70	19.80	19.80	18.30	0.50	50.05	0.00
35.20	24.70	19.70	19.80	19.80	18.10	-0.40	49.99	0.00
35.30	24.50	19.60	19.80	19.70	18.10	-0.40	49.98	0.00
35.40	24.50	19.60	19.80	19.70	18.10	0.80	49.99	0.00
35.50	24.60	19.60	19.80	19.80	18.60	1.00	49.98	0.00
35.60	24.60	19.60	19.80	19.70	19.00	0.70	49.98	0.00
35.70	24.60	19.60	19.80	19.70	19.00	0.80	49.99	0.00
35.80	24.60	19.50	19.70	19.70	19.20	1.00	49.94	0.00
35.90	24.50	19.50	19.70	19.80	19.00	0.70	49.92	0.00
36.00	24.50	19.50	19.70	19.80	19.20	0.80	49.86	0.00
36.10	24.70	19.60	19.80	19.70	19.60	0.80	49.85	0.00
36.20	24.70	19.60	20.00	19.90	19.60	0.80	49.88	0.00
36.30	24.70	19.60	20.00	19.90	19.60	0.80	49.83	0.00
36.40	24.60	19.60	19.80	19.70	19.90	0.80	49.82	0.00
36.50	24.60	19.60	19.80	19.70	20.10	0.80	49.80	0.00
36.60	24.70	19.60	19.70	19.70	19.90	0.80	49.78	0.00
36.70	24.60	19.50	19.80	19.60	19.60	0.70	49.78	0.00
36.80	24.60	19.50	19.80	19.60	20.30	1.00	49.78	0.00
36.90	24.80	19.70	19.80	19.80	20.30	0.80	49.74	0.00
37.00	24.70	19.70	19.70	19.80	20.40	0.70	49.70	0.00
37.10	24.70	19.70	19.70	19.80	19.60	1.20	49.70	0.00
37.20	24.70	19.50	19.70	19.70	19.60	1.20	49.70	0.00
37.30	24.70	19.60	19.80	19.90	21.00	0.70	49.69	0.00
37.40	24.70	19.60	19.80	19.90	20.90	0.80	49.65	0.00
37.50	24.60	19.60	19.80	19.70	21.20	0.50	49.62	0.00
37.60	24.60	19.60	19.80	19.70	21.60	1.00	49.56	0.00
37.70	24.60	19.60	19.60	19.60	21.60	0.80	49.60	0.00
37.80	24.60	19.50	19.80	19.70	21.80	0.70	49.59	0.00
37.90	24.60	19.50	19.80	19.70	21.60	0.80	49.53	0.00
38.00	24.80	19.70	19.90	19.70	21.50	0.80	49.57	0.00
38.10	25.10	19.70	20.00	20.00	21.90	0.80	49.60	0.00
38.20	25.10	19.70	20.00	20.00	21.90	0.80	50.06	0.00
38.30	24.80	19.60	19.80	19.80	22.60	1.00	50.37	0.00
38.40	24.60	19.70	19.80	19.70	22.40	1.00	50.34	0.00
38.50	24.60	19.70	19.80	19.70	22.40	1.00	50.33	0.00
38.60	24.80	19.60	19.70	19.70	22.90	1.20	50.32	0.00
38.70	24.80	19.60	19.70	19.70	22.60	0.70	50.31	0.00
38.80	24.80	19.50	19.70	19.80	23.00	0.80	50.25	0.00
38.90	24.80	19.50	19.80	19.70	22.90	1.00	50.31	0.00
39.00	24.80	19.50	19.80	19.70	23.00	1.60	50.27	0.00
39.10	24.80	19.80	19.80	19.80	23.00	1.60	50.20	0.00
39.20	24.90	19.50	19.70	19.60	23.20	0.50	50.26	0.00
39.30	24.90	19.50	19.70	19.60	23.30	1.00	50.19	0.00
39.40	24.80	19.60	19.70	19.60	23.60	0.80	50.14	0.00
39.50	24.90	19.60	19.80	19.80	24.10	1.30	50.14	0.00
39.60	24.90	19.60	19.80	19.80	23.60	1.20	50.08	0.00
39.70	24.90	19.70	19.80	19.70	24.30	1.00	50.06	0.00
39.80	24.90	19.70	19.80	19.70	24.30	0.70	50.06	0.00
39.90	24.80	19.60	19.70	19.70	24.10	1.20	50.01	0.00
40.00	25.00	19.70	19.80	19.80	24.60	1.00	50.04	0.00
40.10	24.90	19.70	19.80	19.70	24.60	1.00	49.99	0.00
40.20	24.90	19.70	19.80	19.70	24.60	1.00	49.98	0.00
40.30	24.90	19.50	19.70	19.80	24.90	0.80	49.94	0.00
40.40	24.90	19.50	19.70	19.80	24.90	0.80	49.88	0.00
40.50	24.90	19.70	19.90	20.00	25.00	0.80	49.91	0.00
40.60	25.00	19.70	19.70	19.80	25.30	1.30	49.88	0.00
40.70	25.00	19.70	19.70	19.80	26.10	1.00	49.87	0.00
40.80	25.00	19.70	19.80	19.90	25.80	0.80	49.86	0.00
40.90	25.00	19.70	19.80	19.90	26.10	0.80	49.82	0.00
41.00	25.10	19.70	19.80	19.60	25.60	0.50	49.81	0.00
41.10	24.90	19.70	19.90	19.80	25.60	0.50	49.80	0.00
41.20	24.90	19.70	19.90	19.80	25.90	1.00	49.73	0.00
41.30	24.90	19.60	19.80	19.70	25.60	1.00	49.75	0.00
41.40	25.00	19.70	19.70	19.80	26.40	0.80	49.75	0.00
41.50	25.00	19.70	19.70	19.80	26.40	0.80	49.69	0.00
41.60	24.90	19.50	19.70	19.60	26.70	0.80	49.72	0.00
41.70	24.90	19.60	19.80	19.80	27.00	1.00	49.65	0.00
41.80	24.90	19.60	19.80	19.80	26.90	1.20	49.63	0.00
41.90	25.10	19.60	19.80	19.70	26.60	0.80	49.61	0.00
42.00	25.10	19.60	19.80	19.70	26.90	1.00	49.61	0.00
42.10	25.00	19.70	19.90	19.80	26.90	1.00	49.59	0.00
42.20	25.00	19.70	19.70	19.80	27.60	0.80	49.55	0.00
42.30	25.00	19.70	19.70	19.80	27.20	1.00	49.50	0.00
42.40	25.10	19.70	19.70	19.90	27.60	0.80	49.46	0.00
42.50	24.90	19.90	19.90	19.90	27.90	0.80	49.47	0.00
42.60	24.90	19.90	19.90	19.90	27.60	0.80	49.79	0.00
42.70	24.90	19.60	19.80	19.80	27.90	1.00	50.37	0.00
42.80	25.10	19.60	19.80	19.80	28.40	-0.10	50.56	0.00
42.90	25.10	19.60	19.80	19.80	28.40	1.00	50.57	0.00
43.00	24.90	19.50	19.70	19.60	28.40	1.00	50.51	0.00
43.10	25.00	19.60	19.60	19.70	28.40	1.00	50.49	0.00
43.20	25.00	19.60	19.60	19.70	28.30	1.00	50.49	0.00
43.30	25.00	19.80	19.90	19.80	28.90	0.50	50.41	0.00
43.40	25.10	19.60	19.70	19.80	28.40	1.00	50.47	0.00
43.50	25.10	19.60	19.70	19.80	28.90	0.50	50.41	0.00
43.60	25.10	19.60	19.80	19.80	29.20	0.70	50.39	0.00
43.70	25.10	19.70	19.90	19.70	29.50	0.70	50.40	0.00
43.80	25.10	19.70	19.90	19.70	29.60	0.80	50.40	0.00
43.90	25.10	19.60	19.80	19.80	29.60	0.80	50.34	0.00
44.00	25.10	19.60	19.80	19.80	29.60	0.80	50.39	0.00
44.10	25.00	19.60	19.80	19.90	29.80	0.50	50.33	0.00
44.20	25.10	19.70	19.90	19.80	30.30	0.80	50.32	0.00
44.30	25.10	19.70	19.90	19.80	30.10	0.80	50.26	0.00
44.40	25.10	19.50	19.70	19.70	30.30	0.80	50.23	0.00
44.50	25.10	19.70	19.80	19.80	30.10	0.80	50.13	0.00
44.60	25.10	19.70	19.80	19.80	30.90	0.70	50.13	0.00
44.70	25.10	19.60	19.80	19.90	31.00	0.70	50.08	0.00
44.80	25.00	19.50	19.70	19.70	30.40	0.70	50.07	0.00
44.90	25.00	19.50	19.70	19.70	30.40	0.70	50.08	0.00
45.00	25.10	19.60	19.90	19.70	30.70	1.20	50.05	0.00
45.10	25.20	19.70	20.00	19.80	30.90	0.70	50.01	0.00
45.20	25.20	19.70	20.00	19.80	31.50	1.30	49.99	0.00
45.30	25.00	19.50	19.80	19.60	31.50	0.80	49.94	0.00
45.40	25.00	19.50	19.80	19.60	31.50	1.00	49.93	0.00
45.50	25.30	19.70	19.90	19.80	31.20	0.80	49.95	0.00
45.60	25.10	19.70	19.80	19.80	31.60	0.50	49.83	0.00
45.70	25.10	19.70	19.80	19.80	31.60	0.80	49.88	0.00
45.80	25.20	19.70	19.90	19.70	31.80	1.60	49.85	0.00
45.90	25.00	19.50	19.80	19.70	32.30	0.70	49.76	0.00
46.00	25.00	19.50	19.80	19.70	32.30	0.70	49.79	0.00
46.10	25.00	19.60	19.80	19.70	32.60	0.50	49.74	0.00
46.20	25.00	19.50	19.70	19.70	32.60	1.20	49.73	0.00
46.30	25.00	19.50	19.70	19.70	32.90	0.80	49.67	0.00
46.40	25.10	19.60	19.90	19.80	32.40	0.70	49.62	0.00
46.50	25.00	19.50	19.70	19.60	32.70	0.50	49.60	0.00
46.60	25.00	19.50	19.70	19.60	33.00	1.00	49.59	0.00
46.70	25.10	19.70	19.80	19.70	33.00	1.00	49.56	0.00
46.80	25.10	19.70	19.80	19.80	33.30	0.70	49.51	0.00
46.90	25.10	19.70	19.80	19.80	33.30	0.70	49.46	0.00
47.00	25.10	19.60	19.80	19.70	34.00	1.00	49.47	0.00
47.10	25.00	19.60	19.80	19.60	33.60	1.20	49.46	0.00
47.20	25.00	19.60	19.80	19.60	33.80	1.00	49.42	0.00
47.30	25.00	19.50	19.80	19.50	34.10	1.20	49.35	0.00
47.40	25.00	19.50	19.80	19.50	34.10	0.70	49.31	0.00
47.50	25.40	19.70	19.80	19.80	34.40	0.70	49.30	0.00
47.60	25.00	19.60	19.80	19.80	34.40	1.00	49.31	0.00
47.70	25.00	19.60	19.80	19.80	34.40	1.00	49.24	0.00
47.80	25.20	19.60	19.90	19.80	34.60	0.50	49.27	0.00
47.90	25.00	19.60	19.80	19.80	35.00	0.80	49.82	0.00
48.00	25.00	19.60	19.80	19.80	34.90	0.70	50.30	0.00
48.10	25.30	19.70	19.80	19.90	35.00	0.80	50.38	0.00
48.20	25.30	19.70	19.80	19.90	35.20	0.20	50.28	0.00
48.30	25.10	19.60	19.80	19.80	35.20	1.30	50.31	0.00
48.40	25.00	19.50	19.70	19.70	35.20	1.00	50.27	0.00
48.50	25.00	19.50	19.70	19.70	35.60	1.20	50.21	0.00
48.60	25.10	19.50	19.70	19.70	35.60	1.20	50.17	0.00
48.70	25.00	19.60	19.70	19.70	35.80	1.00	50.13	0.00
48.80	25.00	19.60	19.70	19.70	36.00	1.00	50.15	0.00
48.90	25.10	19.60	19.90	19.70	35.80	1.00	50.17	0.00
49.00	25.00	19.70	19.90	19.90	36.10	0.50	50.05	0.00
49.10	25.00	19.70	19.90	19.90	36.40	1.00	50.06	0.00
49.20	25.20	19.70	20.00	19.90	36.60	1.20	49.99	0.00
49.30	25.10	19.50	19.80	19.80	36.60	0.80	49.96	0.00
49.40	25.10	19.50	19.80	19.80	36.90	0.70	49.99	0.00
49.50	25.00	19.50	19.70	19.90	36.90	1.00	49.88	0.00
49.60	25.10	19.50	19.70	19.70	36.90	1.00	49.91	0.00
49.70	25.10	19.50	19.70	19.70	37.00	0.70	49.85	0.00
49.80	25.10	19.60	19.80	19.80	37.80	0.80	49.80	0.00
49.90	25.20	19.60	19.70	19.60	37.60	1.00	49.79	0.00
50.00	25.20	19.60	19.70	19.60	37.30	0.80	49.76	0.00
50.10	25.20	19.80	20.00	19.80	37.80	1.00	49.73	0.00
50.20	25.20	19.80	20.00	19.80	37.60	0.80	49.65	0.00
50.30	25.20	19.60	19.90	19.80	38.00	0.80	49.60	0.00
50.40	25.10	19.60	19.70	19.70	37.80	1.00	49.65	0.00
50.50	25.10	19.60	19.70	19.70	38.10	0.70	49.57	0.00
50.60	24.90	19.40	19.80	19.70	38.10	0.70	49.55	0.00
50.70	25.30	19.70	19.90	19.90	38.70	0.80	49.51	0.00
50.80	25.30	19.70	19.90	19.90	38.40	1.00	49.50	0.00
50.90	25.00	19.40	19.60	19.60	38.40	0.70	50.15	0.00
51.00	25.10	19.50	19.70	19.70	38.70	1.00	50.50	0.00
51.10	25.10	19.50	19.70	19.70	39.20	1.20	50.46	0.00
51.20	25.00	19.60	19.70	19.80	39.20	0.80	50.39	0.00
51.30	25.00	19.60	19.70	19.80	39.30	1.00	50.36	0.00
51.40	25.30	19.70	19.80	19.70	39.50	0.80	50.34	0.00
51.50	25.20	19.60	19.80	19.60	39.30	0.70	50.28	0.00
51.60	25.20	19.60	19.80	19.60	39.30	0.70	50.25	0.00
51.70	25.20	19.50	19.80	19.70	40.00	1.20	50.25	0.00
51.80	24.90	19.50	19.80	19.70	40.10	0.80	50.15	0.00
51.90	24.90	19.50	19.80	19.70	40.30	0.70	50.15	0.00
52.00	25.10	19.70	19.70	19.80	40.00	0.80	50.07	0.00
52.10	25.00	19.50	19.80	19.70	40.60	1.00	50.05	0.00
52.20	25.00	19.50	19.80	19.70	40.70	1.20	49.98	0.00
52.30	25.20	19.60	19.80	19.70	40.60	1.50	49.93	0.00
52.40	25.00	19.60	19.70	19.70	40.70	0.50	49.93	0.00
52.50	25.00	19.60	19.70	19.70	40.70	0.50	49.87	0.00
52.60	25.10	19.50	19.80	19.70	40.60	0.80	44.76	0.00
52.70	25.10	19.60	19.80	19.90	39.80	0.80	46.47	0.00
52.80	25.10	19.60	19.80	19.90	41.00	1.20	47.47	0.00
52.90	25.00	19.70	19.70	19.80	40.60	1.20	48.08	0.00
53.00	24.80	19.60	19.80	19.80	40.90	0.70	47.98	0.00
53.10	24.80	19.60	19.80	19.80	40.90	1.20	47.63	0.00
53.20	24.90	19.60	19.80	19.70	41.00	1.00	46.95	0.00
53.30	24.60	19.60	19.80	19.80	40.70	0.70	48.82	0.00
53.40	24.60	19.60	19.80	19.80	40.30	0.70	34.79	0.00
53.50	24.70	19.60	19.70	19.70	40.90	0.80	16.62	0.00
53.60	24.50	19.60	20.00	19.80	40.60	0.50	12.02	0.00
53.70	24.50	19.60	20.00	19.80	40.60	1.20	9.47	0.00
53.80	24.30	19.60	19.80	19.80	40.30	0.70	7.74	0.00
53.90	24.20	19.60	19.70	19.70	40.10	0.80	6.41	0.00
54.00	24.20	19.60	19.70	19.70	40.40	1.20	5.39	0.00
54.10	24.10	19.60	19.80	19.80	40.40	0.50	4.64	0.00
54.20	24.10	19.60	19.80	19.80	40.30	1.20	4.01	0.00
54.30	24.00	19.60	19.90	19.60	40.40	1.20	3.49	0.00
54.40	24.00	19.60	19.90	19.60	40.40	1.20	3.11	0.00
54.50	24.10	19.60	19.90	19.90	40.40	0.50	2.74	0.00
54.60	23.90	19.60	19.80	19.70	40.40	0.50	2.43	0.00
54.70	23.90	19.60	19.80	19.70	40.70	1.00	2.21	0.00
54.80	23.90	19.60	19.80	19.70	40.40	1.00	1.97	0.00
54.90	23.70	19.50	19.80	19.70	40.40	0.80	1.79	0.00
55.00	23.70	19.50	19.80	19.70	40.40	0.70	1.65	0.00
55.10	23.70	19.50	19.80	19.70	40.30	0.50	1.49	0.00
55.20	23.60	19.70	19.90	19.80	40.40	0.80	1.29	0.00
55.30	23.60	19.70	19.90	19.80	40.40	0.80	1.14	0.00
55.40	23.30	19.60	19.80	19.70	40.60	0.70	1.05	0.00
55.50	23.40	19.50	19.70	19.70	39.80	0.50	0.98	0.00
55.60	23.40	19.50	19.70	19.70	40.10	0.70	0.86	0.00
55.70	23.40	19.60	19.80	19.70	40.30	1.20	0.78	0.00
55.80	23.30	19.50	19.70	19.60	40.10	0.70	0.72	0.00
55.90	23.30	19.50	19.70	19.60	40.10	0.50	0.71	0.00
56.00	23.20	19.60	19.80	19.80	40.60	0.40	0.65	0.00
56.10	23.30	19.70	19.80	19.70	40.40	1.00	0.59	0.00
56.20	23.30	19.70	19.80	19.70	40.40	1.00	0.51	0.00
56.30	23.10	19.50	19.70	19.70	40.40	-0.40	0.53	0.00
56.40	23.10	19.70	19.80	19.80	40.00	0.80	0.47	0.00
56.50	23.10	19.70	19.80	19.80	40.70	0.70	0.44	0.00
56.60	23.20	19.60	19.70	19.70	40.10	0.50	0.44	0.00
56.70	22.90	19.60	19.80	19.70	40.10	1.00	0.39	0.00
56.80	22.90	19.60	19.80	19.70	40.40	0.80	0.36	0.00
56.90	23.00	19.60	19.80	19.60	40.30	0.50	0.33	0.00
57.00	23.00	19.50	19.80	19.70	40.00	0.80	0.36	0.00
57.10	23.00	19.50	19.80	19.70	40.40	1.00	0.32	0.00
57.20	22.90	19.60	19.90	19.80	40.40	1.00	0.32	0.00
57.30	22.90	19.60	19.90	19.80	40.00	0.70	0.30	0.00
57.40	23.00	19.70	19.80	19.80	40.40	0.80	0.27	0.00
57.50	22.90	19.60	19.90	19.70	40.60	1.00	0.30	0.00
57.60	22.90	19.60	19.90	19.70	40.40	0.80	0.26	0.00
57.70	22.80	19.60	19.80	19.80	40.30	1.20	0.27	0.00
57.80	22.80	19.60	19.80	19.80	40.40	1.00	0.18	0.00
57.90	22.90	19.60	19.80	19.70	40.10	1.00	0.18	0.00
58.00	22.90	19.60	19.80	19.70	40.30	1.20	0.14	0.00
58.10	22.80	19.50	19.80	19.70	40.30	1.20	0.12	0.00
58.20	22.80	19.50	19.80	19.70	39.80	0.80	0.15	0.00
58.30	22.90	19.70	19.90	19.70	39.80	0.80	0.14	0.00
58.40	22.60	19.50	19.80	19.80	40.30	0.80	0.14	0.00
58.50	22.60	19.50	19.80	19.80	40.10	0.80	0.14	0.00
58.60	22.70	19.70	19.80	19.80	40.00	0.70	0.18	0.00
58.70	22.60	19.60	19.80	19.80	40.00	0.40	0.15	0.00
58.80	22.60	19.60	19.80	19.80	40.30	0.70	0.12	0.00
58.90	22.60	19.70	19.80	19.80	40.30	0.70	0.14	0.00
59.00	22.60	19.70	19.80	19.80	40.10	0.80	0.12	0.00
59.10	22.50	19.50	19.90	19.70	40.00	1.00	0.09	0.00
59.20	22.50	19.70	19.80	19.80	40.60	1.00	0.09	0.00
59.30	22.50	19.70	19.80	19.80	40.30	0.80	0.12	0.00
59.40	22.70	19.70	19.80	19.80	40.00	1.00	0.09	0.00
59.50	22.70	19.70	19.80	19.80	40.00	0.70	0.09	0.00
59.60	22.70	19.50	19.80	19.80	40.40	0.80	0.14	0.00
59.70	22.40	19.60	19.70	19.80	39.80	1.00	0.12	0.00
59.80	22.40	19.60	19.70	19.80	40.00	1.00	0.14	0.00
59.90	22.60	19.60	19.90	19.80	40.30	0.50	0.09	0.00
60.00	22.50	19.60	19.90	19.90	40.30	0.50	0.12	0.00
60.10	22.50	19.60	19.90	19.90	40.30	1.00	0.08	0.00
60.20	22.40	19.60	19.80	19.60	39.80	1.00	0.09	0.00
60.30	22.40	19.50	19.70	19.70	39.80	1.30	0.09	0.00
60.40	22.40	19.50	19.70	19.70	40.00	1.00	0.09	0.00
60.50	22.40	19.60	19.70	19.80	40.60	0.80	0.09	0.00
60.60	22.40	19.60	19.70	19.80	39.80	0.80	0.08	0.00
60.70	22.40	19.60	19.80	19.70	39.80	1.00	0.09	0.00
60.80	22.30	19.60	19.80	19.60	40.40	0.80	0.09	0.00
60.90	22.30	19.60	19.80	19.60	40.40	0.80	0.09	0.00
61.00	22.40	19.60	19.90	19.80	39.80	0.80	0.06	0.00
61.10	22.30	19.60	19.80	19.70	39.60	1.00	0.09	0.00
61.20	22.30	19.60	19.80	19.70	40.10	1.00	0.08	0.00
61.30	22.40	19.70	19.80	19.70	40.10	1.00	0.06	0.00
61.40	22.40	19.70	19.80	19.70	40.60	1.20	0.09	0.00
61.50	22.50	19.80	19.90	20.00	40.30	0.80	0.06	0.00
61.60	22.20	19.50	19.80	19.80	40.10	0.70	0.09	0.00
61.70	22.20	19.50	19.80	19.80	40.30	0.80	0.09	0.00
61.80	22.20	19.50	19.70	19.70	40.40	0.70	0.09	0.00
61.90	22.40	19.70	19.90	19.80	40.40	0.70	0.12	0.00
62.00	22.40	19.70	19.90	19.80	40.60	1.20	0.09	0.00
62.10	22.40	19.70	19.90	19.80	40.00	0.70	0.09	0.00
62.20	22.20	19.50	19.70	19.70	40.10	0.50	0.14	0.00
62.30	22.20	19.50	19.70	19.70	39.50	0.70	0.09	0.00
62.40	22.30	19.60	19.70	19.70	40.00	1.20	0.08	0.00
62.50	22.30	19.50	19.70	19.60	39.60	0.70	0.09	0.00
62.60	22.30	19.50	19.70	19.60	39.30	1.00	0.08	0.00
62.70	22.30	19.60	19.90	19.80	40.30	0.70	0.09	0.00
62.80	22.00	19.50	19.80	19.80	40.10	0.80	0.06	0.00
62.90	22.00	19.50	19.80	19.80	40.10	0.80	0.09	0.00
63.00	22.20	19.60	19.80	19.70	40.40	0.70	0.08	0.00
63.10	22.10	19.70	19.80	19.80	40.10	0.50	0.09	0.00
63.20	22.10	19.70	19.80	19.80	40.40	0.80	0.04	0.00
63.30	22.40	19.70	19.80	20.00	40.10	1.00	0.08	0.00
63.40	22.20	19.50	19.70	19.80	40.10	1.30	0.06	0.00
63.50	22.20	19.50	19.70	19.80	40.40	0.80	0.06	0.00
63.60	22.20	19.60	19.70	19.90	40.10	0.70	0.08	0.00
63.70	22.20	19.60	19.70	19.90	40.10	1.00	0.04	0.00
63.80	22.30	19.60	19.80	19.80	40.10	1.00	0.06	0.00
63.90	22.20	19.50	19.70	19.70	40.00	0.50	0.09	0.00
64.00	22.20	19.50	19.70	19.70	40.00	0.80	0.09	0.00
64.10	22.20	19.70	19.90	19.80	40.10	0.80	0.06	0.00
64.20	22.10	19.70	19.80	19.80	40.30	1.00	0.06	0.00
64.30	22.10	19.70	19.80	19.80	40.10	0.50	0.04	0.00
64.40	22.00	19.60	19.60	19.80	40.00	0.70	0.09	0.00
64.50	22.10	19.60	19.80	19.80	40.00	0.40	0.06	0.00
64.60	22.10	19.60	19.80	19.80	40.10	0.80	0.09	0.00
64.70	22.10	19.60	19.80	19.90	40.10	0.80	0.09	0.00
64.80	22.00	19.60	19.80	19.70	40.40	0.80	0.08	0.00
64.90	22.00	19.60	19.80	19.70	40.00	1.00	0.06	0.00
65.00	22.10	19.70	19.80	19.80	40.00	1.00	0.06	0.00
65.10	22.10	19.60	19.80	19.80	40.40	0.70	0.08	0.00
65.20	22.10	19.60	19.80	19.80	40.30	1.20	0.08	0.00
65.30	22.10	19.50	19.80	19.70	40.10	1.00	0.08	0.00
65.40	21.90	19.60	19.80	19.70	40.00	0.80	0.06	0.00
65.50	21.90	19.60	19.80	19.70	40.10	0.50	0.06	0.00
65.60	22.00	19.70	19.90	19.80	40.10	1.20	0.06	0.00
65.70	21.90	19.50	19.80	19.70	39.80	0.50	0.08	0.00
65.80	21.90	19.50	19.80	19.70	40.10	0.80	0.08	0.00
65.90	21.90	19.60	19.80	19.80	40.10	1.00	0.09	0.00
66.00	22.00	19.50	19.90	19.70	40.30	0.80	0.12	0.00
66.10	22.00	19.50	19.90	19.70	40.10	0.80	0.08	0.00
66.20	21.90	19.70	19.90	19.90	40.10	1.30	0.06	0.00
66.30	22.00	19.60	20.00	19.90	39.80	1.20	0.06	0.00
66.40	22.00	19.60	20.00	19.90	40.40	0.80	0.06	0.00
66.50	21.90	19.50	19.80	19.70	40.10	1.00	0.06	0.00
66.60	21.90	19.50	19.80	19.70	40.10	1.00	0.06	0.00
66.70	22.00	19.70	19.80	19.80	40.30	0.80	0.06	0.00
66.80	22.00	19.60	19.80	19.70	40.00	0.50	0.08	0.00
66.90	21.90	19.70	19.80	19.90	39.60	0.70	0.09	0.00
67.00	21.90	19.70	19.80	19.90	40.00	1.60	0.09	0.00
67.10	21.80	19.70	19.80	19.80	39.80	0.80	0.09	0.00
67.20	22.00	19.80	19.90	19.90	40.10	0.80	0.08	0.00
67.30	22.00	19.80	19.90	19.90	40.10	0.70	0.09	0.00
67.40	21.70	19.60	19.80	19.90	40.30	0.50	0.09	0.00
67.50	21.70	19.60	19.80	19.90	40.30	0.50	0.08	0.00
67.60	21.60	19.50	19.80	19.60	40.10	0.80	0.06	0.00
67.70	21.80	19.60	19.90	19.70	40.10	1.00	0.06	0.00
67.80	21.80	19.60	19.90	19.70	40.10	0.80	0.09	0.00
67.90	21.80	19.70	19.80	19.70	40.00	1.00	0.06	0.00
68.00	21.80	19.60	19.90	19.80	40.30	1.00	0.06	0.00
68.10	21.80	19.60	19.90	19.80	39.80	1.30	0.08	0.00
68.20	21.80	19.70	19.90	19.80	40.60	0.80	0.06	0.00
68.30	21.70	19.70	19.80	19.80	40.00	0.80	0.09	0.00
68.40	21.70	19.70	19.80	19.80	40.00	0.80	0.09	0.00
68.50	21.80	19.80	19.80	19.90	40.10	0.70	0.08	0.00
68.60	21.80	19.80	19.80	19.90	40.30	1.00	0.06	0.00
68.70	21.80	19.50	19.80	19.80	40.30	1.20	0.06	0.00
68.80	21.80	19.50	19.80	19.80	40.00	0.80	0.06	0.00
68.90	21.80	19.70	19.90	19.80	40.10	0.80	0.06	0.00
69.00	21.80	19.60	19.90	19.80	39.80	1.00	0.06	0.00
69.10	21.80	19.60	19.90	19.80	40.30	0.70	0.06	0.00
69.20	21.80	19.70	19.90	19.80	40.30	1.00	0.08	0.00
69.30	21.70	19.60	19.70	19.70	40.40	0.80	0.09	0.00
69.40	21.70	19.60	19.70	19.70	40.40	0.80	0.09	0.00
69.50	21.70	19.60	19.70	19.70	40.00	0.40	0.08	0.00
69.60	21.90	19.60	19.80	19.80	40.30	0.70	0.08	0.00
69.70	21.90	19.60	19.80	19.80	40.30	0.80	0.09	0.00
69.80	21.70	19.60	19.80	19.70	40.30	0.80	0.08	0.00
69.90	21.60	19.50	19.80	19.80	39.80	0.80	0.12	0.00
70.00	21.60	19.50	19.80	19.80	40.10	0.80	0.08	0.00
70.10	21.70	19.50	19.70	19.70	40.10	1.50	0.09	0.00
70.20	21.80	19.80	19.80	19.80	39.80	0.70	0.09	0.00
70.30	21.80	19.80	19.80	19.80	39.80	0.70	0.06	0.00
70.40	21.60	19.80	19.90	19.80	40.60	0.80	0.06	0.00
70.50	21.60	19.80	19.90	19.80	39.80	1.20	0.08	0.00
70.60	21.70	19.60	20.00	19.90	40.30	0.70	0.08	0.00
70.70	21.80	19.60	19.80	19.90	40.30	1.00	0.08	0.00
70.80	21.80	19.60	19.80	19.90	40.30	0.80	0.08	0.00
70.90	21.40	19.50	19.70	19.80	40.30	0.80	0.06	0.00
71.00	21.80	19.70	19.80	19.70	40.30	1.00	0.06	0.00
71.10	21.80	19.70	19.80	19.70	39.80	0.70	0.06	0.00
71.20	21.70	19.70	19.90	19.70	39.80	0.70	0.08	0.00
71.30	21.60	19.70	19.80	19.80	40.10	0.80	0.04	0.00
71.40	21.60	19.70	19.80	19.80	39.80	0.80	0.08	0.00
71.50	21.60	19.60	19.90	19.80	40.30	1.00	0.08	0.00
71.60	21.60	19.60	19.90	19.80	40.10	0.70	0.06	0.00
71.70	21.50	19.80	19.80	19.90	40.00	0.70	0.04	0.00
71.80	21.50	19.60	19.80	19.80	40.40	0.50	0.06	0.00
71.90	21.50	19.60	19.80	19.80	40.10	0.80	0.04	0.00
72.00	21.50	19.40	19.70	19.70	40.30	0.70	0.06	0.00
72.10	21.50	19.60	19.70	19.80	40.10	0.80	0.00	0.00
72.20	21.50	19.60	19.70	19.80	40.10	0.80	0.00	0.00
72.30	21.60	19.70	19.70	19.80	40.60	0.70	0.00	0.00
72.40	21.50	19.60	19.70	19.70	40.00	0.70	0.00	0.00
72.50	21.50	19.60	19.70	19.70	40.30	0.80	0.00	0.00
72.60	21.40	19.60	19.80	19.80	40.00	0.70	0.00	0.00
72.70	21.60	19.70	19.80	19.90	40.00	1.00	0.00	0.00
72.80	21.60	19.70	19.80	19.90	39.80	0.70	0.00	0.00
72.90	21.50	19.50	19.90	19.90	40.30	0.70	0.00	0.00
73.00	21.50	19.70	19.90	19.80	40.10	1.00	0.00	0.00
73.10	21.50	19.70	19.90	19.80	40.00	1.30	0.00	0.00
73.20	21.50	19.60	19.90	19.80	40.00	1.30	0.00	0.00
73.30	21.50	19.60	19.90	19.80	40.30	1.00	0.00	0.00
73.40	21.40	19.60	19.90	19.70	40.00	0.70	0.00	0.00
73.50	21.30	19.60	19.70	19.70	40.10	0.50	0.00	0.00
73.60	21.50	19.60	19.80	19.80	40.10	0.40	0.00	0.00
73.70	21.50	19.60	19.80	19.80	39.80	0.50	0.00	0.00
73.80	21.40	19.50	19.80	19.60	40.40	0.50	0.00	0.00
73.90	21.50	19.70	19.80	19.90	40.10	0.40	0.00	0.00
74.00	21.50	19.70	19.80	19.90	40.10	0.50	0.00	0.00
74.10	21.40	19.60	19.80	19.80	40.00	1.20	0.00	0.00
74.20	21.40	19.60	19.80	19.80	40.30	1.00	0.00	0.00
74.30	21.60	19.70	20.00	19.70	39.80	0.70	0.00	0.00
74.40	21.50	19.70	19.80	19.70	40.00	1.00	0.00	0.00
74.50	21.50	19.70	19.80	19.70	40.10	0.80	0.00	0.00
74.60	21.40	19.60	20.00	19.80	40.30	0.70	0.00	0.00
74.70	21.50	19.80	19.90	19.80	40.30	1.20	0.00	0.00
74.80	21.50	19.80	19.90	19.80	40.30	0.80	0.00	0.00
74.90	21.40	19.70	19.90	19.80	40.10	0.50	0.00	0.00
75.00	21.40	19.70	19.90	19.80	40.40	0.80	0.00	0.00
75.10	21.50	19.50	19.80	19.70	40.40	0.80	0.00	0.00
75.20	21.50	19.70	19.80	19.90	40.10	1.00	0.00	0.00
75.30	21.50	19.70	19.80	19.90	40.90	0.50	0.00	0.00
75.40	21.50	19.60	19.80	19.70	40.10	1.00	0.00	0.00
75.50	21.40	19.60	19.80	19.80	40.30	0.80	0.00	0.00
75.60	21.40	19.60	19.80	19.80	40.40	0.50	0.00	0.00
75.70	21.60	19.70	19.80	19.80	39.80	0.80	0.00	0.00
75.80	21.30	19.60	19.80	19.80	40.00	0.70	0.00	0.00
75.90	21.30	19.60	19.80	19.80	40.00	0.70	0.00	0.00
76.00	21.30	19.50	19.90	19.60	40.00	0.70	0.00	0.00
76.10	21.40	19.70	19.70	19.80	40.10	0.80	0.00	0.00
76.20	21.40	19.70	19.70	19.80	40.40	0.70	0.00	0.00
76.30	21.30	19.60	19.90	19.80	39.60	1.20	0.00	0.00
76.40	21.30	19.60	19.90	19.80	40.00	1.30	0.00	0.00
76.50	21.30	19.60	19.80	19.70	39.80	0.50	0.00	0.00
76.60	21.40	19.40	19.70	19.60	40.00	1.00	0.00	0.00
76.70	21.40	19.40	19.70	19.60	40.40	1.00	0.00	0.00
76.80	21.40	19.60	19.80	19.90	40.30	0.70	0.00	0.00
76.90	21.30	19.60	19.70	19.70	40.30	0.70	0.00	0.00
77.00	21.30	19.60	19.70	19.70	40.30	0.40	0.00	0.00
77.10	21.40	19.60	19.90	19.90	39.80	0.50	0.00	0.00
77.20	21.40	19.60	19.90	19.90	40.10	0.50	0.00	0.00
77.30	21.30	19.50	19.70	19.60	39.80	0.50	0.00	0.00
77.40	21.30	19.70	19.80	19.90	40.30	1.00	0.00	0.00
77.50	21.30	19.70	19.80	19.90	40.10	0.50	0.00	0.00
77.60	21.10	19.50	19.80	19.70	40.00	0.50	0.00	0.00
77.70	21.30	19.50	19.70	19.60	40.40	0.20	0.00	0.00
77.80	21.30	19.50	19.70	19.60	39.80	0.50	0.00	0.00
77.90	21.40	19.60	19.90	19.90	39.80	0.50	0.00	0.00
78.00	21.20	19.50	19.90	19.70	40.30	0.70	0.00	0.00
78.10	21.20	19.50	19.90	19.70	40.00	0.70	0.00	0.00
78.20	21.20	19.70	19.80	19.70	40.10	0.50	0.00	0.00
78.30	21.40	19.70	20.00	19.80	40.10	0.50	0.00	0.00
78.40	21.40	19.70	20.00	19.80	40.00	0.70	0.00	0.00
78.50	21.30	19.60	19.80	19.70	40.10	0.40	0.00	0.00
78.60	21.30	19.80	19.80	19.80	40.00	0.50	0.00	0.00
78.70	21.30	19.80	19.80	19.80	40.00	0.80	0.00	0.00
78.80	21.20	19.70	19.80	19.70	40.00	0.80	0.00	0.00
78.90	21.20	19.70	19.80	19.70	39.80	0.50	0.00	0.00
79.00	21.30	19.60	19.90	19.90	40.10	0.70	0.00	0.00
79.10	21.20	19.70	19.80	19.70	40.30	0.70	0.00	0.00
79.20	21.20	19.70	19.80	19.70	40.40	0.50	0.00	0.00
79.30	21.20	19.60	19.70	19.70	40.00	0.70	0.00	0.00
79.40	21.20	19.60	19.80	19.90	39.80	0.50	0.00	0.00
79.50	21.20	19.60	19.80	19.90	40.30	1.00	0.00	0.00
79.60	21.20	19.70	19.80	19.80	40.10	1.50	0.00	0.00
79.70	21.30	19.60	19.70	19.80	40.10	0.50	0.00	0.00
79.80	21.30	19.60	19.70	19.80	40.60	0.40	0.00	0.00
79.90	21.30	19.60	19.80	19.70	39.80	1.00	0.00	0.00
80.00	21.40	19.60	19.80	19.70	40.10	0.50	0.00	0.00
80.10	21.40	19.60	19.80	19.70	40.30	0.50	0.00	0.00
80.20	21.10	19.60	19.80	19.70	40.00	0.70	0.00	0.00
80.30	21.10	19.60	19.80	19.70	40.30	0.50	0.00	0.00
80.40	21.30	19.70	19.90	19.90	40.00	0.80	0.00	0.00
80.50	21.20	19.70	19.80	19.80	40.00	0.80	0.00	0.00
80.60	21.20	19.60	19.80	19.80	40.00	0.80	0.00	0.00
80.70	21.20	19.60	19.80	19.80	40.00	0.80	0.00	0.00
80.80	21.20	19.60	19.70	19.70	40.00	0.80	0.00	0.00
80.90	21.20	19.60	19.80	19.70	40.10	0.50	0.00	0.00
81.00	21.20	19.60	19.80	19.70	40.00	0.70	0.00	0.00
81.10	21.20	19.50	19.90	19.70	40.40	0.40	0.00	0.00
81.20	21.20	19.50	19.90	19.70	40.10	1.00	0.00	0.00
81.30	21.10	19.60	19.80	19.90	40.10	0.70	0.00	0.00
81.40	21.10	19.60	19.80	19.70	40.00	0.80	0.00	0.00
81.50	21.10	19.60	19.80	19.70	40.10	0.50	0.00	0.00
81.60	21.30	19.70	19.90	19.90	40.10	0.50	0.00	0.00
81.70	21.10	19.60	19.90	19.80	40.10	1.20	0.00	0.00
81.80	21.10	19.60	19.90	19.80	40.10	0.80	0.00	0.00
81.90	21.20	19.60	19.90	19.90	40.00	0.50	0.00	0.00
82.00	21.10	19.40	19.70	19.70	40.00	0.80	0.00	0.00
82.10	21.10	19.40	19.70	19.70	40.00	1.20	0.00	0.00
82.20	21.10	19.70	19.90	19.80	40.10	0.50	0.00	0.00
82.30	21.30	19.70	19.80	19.80	40.00	0.50	0.00	0.00
82.40	21.30	19.70	19.80	19.80	39.80	0.70	0.00	0.00
82.50	21.30	19.60	19.80	19.80	39.80	0.70	0.00	0.00
82.60	21.20	19.70	19.90	19.90	40.60	0.50	0.00	0.00
82.70	21.20	19.60	19.80	19.60	40.10	1.00	0.00	0.00
82.80	21.20	19.60	19.80	19.60	40.00	0.70	0.00	0.00
82.90	21.20	19.70	19.90	20.00	40.60	0.70	0.00	0.00
83.00	21.20	19.70	19.90	20.00	40.30	0.70	0.00	0.00
83.10	21.10	19.70	19.70	19.80	40.40	0.40	0.00	0.00
83.20	21.10	19.60	19.80	19.70	39.60	1.30	0.00	0.00
83.30	21.10	19.60	19.80	19.70	40.10	0.40	0.00	0.00
83.40	21.00	19.60	19.70	19.70	40.10	0.40	0.00	0.00
83.50	21.20	19.80	19.90	19.80	40.30	0.80	0.00	0.00
83.60	21.20	19.80	19.90	19.80	40.10	0.50	0.00	0.00
83.70	21.10	19.50	19.80	19.80	39.80	0.70	0.00	0.00
83.80	21.10	19.70	19.90	19.80	40.10	0.70	0.00	0.00
83.90	21.10	19.70	19.90	19.80	40.10	0.50	0.00	0.00
84.00	21.10	19.70	19.80	19.80	39.80	1.00	0.00	0.00
84.10	21.20	19.70	20.10	19.90	39.80	0.70	0.00	0.00
84.20	21.20	19.70	20.10	19.90	40.10	0.50	0.00	0.00
84.30	21.20	19.70	19.90	19.80	40.10	0.50	0.00	0.00
84.40	21.10	19.70	19.90	19.80	40.00	0.40	0.00	0.00
84.50	21.10	19.70	19.90	19.80	40.40	0.80	0.00	0.00
84.60	21.10	19.70	19.70	19.70	40.30	0.80	0.00	0.00
84.70	21.20	19.70	19.90	19.90	40.10	0.80	0.00	0.00
84.80	21.20	19.70	19.90	19.90	40.10	0.50	0.00	0.00
84.90	21.10	19.70	19.80	19.80	40.00	0.40	0.00	0.00
85.00	21.20	19.60	19.90	19.80	40.10	0.50	0.00	0.00
85.10	21.20	19.60	19.90	19.80	40.00	0.70	0.00	0.00
85.20	21.10	19.80	19.90	19.80	39.80	0.80	0.00	0.00
85.30	21.10	19.80	19.90	19.80	39.80	0.80	0.00	0.00
85.40	21.10	19.50	19.80	19.70	40.10	1.00	0.00	0.00
85.50	21.20	19.80	19.80	19.80	40.30	0.50	0.00	0.00
85.60	21.20	19.80	19.80	19.80	40.10	0.40	0.00	0.00
85.70	21.00	19.70	19.80	19.70	40.40	0.70	0.00	0.00
85.80	21.20	19.60	19.90	19.80	40.40	0.70	0.00	0.00
85.90	21.20	19.60	19.90	19.80	40.00	0.80	0.00	0.00
86.00	21.20	19.70	19.80	19.90	40.00	0.50	0.00	0.00
86.10	21.30	19.70	19.90	19.80	40.70	0.50	0.00	0.00
86.20	21.30	19.70	19.90	19.80	40.70	0.50	0.00	0.00
86.30	20.90	19.50	19.80	19.70	40.00	0.40	0.00	0.00
86.40	20.90	19.50	19.80	19.70	40.10	0.50	0.00	0.00
86.50	21.10	19.70	19.80	19.80	40.00	0.80	0.00	0.00
86.60	21.10	19.70	19.80	19.80	40.10	0.40	0.00	0.00
86.70	21.10	19.80	19.80	19.80	40.40	0.70	0.00	0.00
86.80	21.10	19.80	19.90	19.80	40.00	0.70	0.00	0.00
86.90	21.10	19.80	19.90	19.80	40.00	0.40	0.00	0.00
87.00	21.20	19.70	19.90	19.80	39.80	0.20	0.00	0.00
87.10	21.10	19.50	19.80	19.60	39.80	0.20	0.00	0.00
87.20	21.10	19.50	19.80	19.60	40.30	0.70	0.00	0.00
87.30	21.10	19.70	19.90	19.80	40.40	0.70	0.00	0.00
87.40	21.10	19.70	19.80	19.70	40.40	0.50	0.00	0.00
87.50	21.10	19.70	19.80	19.70	40.00	0.70	0.00	0.00
87.60	21.10	19.60	19.90	19.70	40.00	0.50	0.00	0.00
87.70	21.10	19.60	19.90	19.70	39.80	0.70	0.00	0.00
87.80	21.20	19.60	19.90	19.70	39.60	0.50	0.00	0.00
87.90	21.00	19.60	19.80	19.80	40.10	0.80	0.00	0.00
88.00	21.00	19.60	19.80	19.80	40.10	0.80	0.00	0.00
88.10	21.00	19.60	19.80	19.70	40.00	0.20	0.00	0.00
88.20	21.20	19.70	19.90	19.90	40.10	0.80	0.00	0.00
88.30	21.20	19.70	19.90	19.90	40.00	0.80	0.00	0.00
88.40	21.20	19.70	19.90	19.70	40.10	0.50	0.00	0.00
88.50	21.10	19.70	19.90	19.90	40.30	0.20	0.00	0.00
88.60	21.10	19.70	19.90	19.90	40.00	0.50	0.00	0.00
88.70	21.00	19.70	19.90	19.90	40.10	0.40	0.00	0.00
88.80	21.00	19.60	19.80	19.80	40.00	0.40	0.00	0.00
88.90	21.00	19.60	19.80	19.80	40.10	0.70	0.00	0.00
89.00	21.00	19.70	19.70	19.80	40.10	0.70	0.00	0.00
89.10	21.00	19.70	19.70	19.80	40.30	0.70	0.00	0.00
89.20	21.10	19.60	19.80	19.80	39.60	0.50	0.00	0.00
89.30	21.00	19.70	19.80	19.70	40.30	0.80	0.00	0.00
89.40	21.00	19.70	19.80	19.70	40.30	0.50	0.00	0.00
89.50	21.00	19.70	19.70	19.70	40.00	0.50	0.00	0.00
89.60	21.00	19.70	19.70	19.70	39.80	0.50	0.00	0.00
89.70	21.00	19.70	19.80	19.80	40.00	0.80	0.00	0.00
89.80	21.10	19.70	20.00	19.90	40.10	0.50	0.00	0.00
89.90	21.10	19.70	20.00	19.90	40.10	0.70	0.00	0.00
90.00	21.00	19.60	19.90	19.80	40.10	1.00	0.00	0.00
90.10	21.00	19.60	19.90	19.80	40.10	1.00	0.00	0.00
90.20	21.10	19.80	19.90	19.80	40.00	0.70	0.00	0.00
90.30	20.90	19.60	19.90	19.80	39.60	0.70	0.00	0.00
90.40	20.90	19.60	19.90	19.80	40.00	0.50	0.00	0.00
90.50	21.00	19.70	19.70	19.70	40.00	0.20	0.00	0.00
90.60	20.90	19.60	19.90	19.70	40.10	0.70	0.00	0.00
90.70	20.90	19.60	19.90	19.70	40.00	0.40	0.00	0.00
90.80	21.00	19.60	19.80	19.70	40.30	0.50	0.00	0.00
90.90	20.90	19.60	19.90	19.60	40.30	0.50	0.00	0.00
91.00	20.90	19.60	19.90	19.60	40.10	0.50	0.00	0.00
91.10	21.00	19.70	19.90	19.90	40.00	0.70	0.00	0.00
91.20	21.00	19.80	19.70	19.90	40.10	-0.50	0.00	0.00
91.30	21.00	19.80	19.70	19.90	40.10	0.70	0.00	0.00
91.40	21.00	19.70	19.90	19.80	40.00	0.80	0.00	0.00
91.50	21.00	19.80	19.80	19.80	40.10	0.50	0.00	0.00
91.60	21.00	19.80	19.80	19.80	40.00	0.50	0.00	0.00
91.70	20.90	19.80	20.00	19.80	40.10	0.80	0.00	0.00
91.80	20.90	19.80	20.00	19.80	40.00	0.20	0.00	0.00
91.90	20.90	19.60	19.80	19.80	40.00	0.50	0.00	0.00
92.00	21.00	19.70	20.00	19.90	40.10	0.70	0.00	0.00
92.10	21.00	19.70	20.00	19.90	39.80	0.50	0.00	0.00
92.20	20.90	19.70	19.90	19.80	40.00	0.70	0.00	0.00
92.30	20.90	19.70	19.90	19.80	40.00	1.20	0.00	0.00
92.40	20.90	19.70	20.00	19.80	40.00	-0.20	0.00	0.00
92.50	21.00	19.70	19.80	19.80	40.00	0.80	0.00	0.00
92.60	21.00	19.70	19.80	19.80	40.10	0.50	0.00	0.00
92.70	21.00	19.70	19.70	19.90	40.30	0.70	0.00	0.00
92.80	20.90	19.80	19.90	19.80	40.30	0.70	0.00	0.00
92.90	20.90	19.80	19.90	19.80	40.10	0.50	0.00	0.00
93.00	21.00	19.80	20.00	19.90	40.10	0.80	0.00	0.00
93.10	21.00	19.80	20.00	19.90	40.10	0.50	0.00	0.00
93.20	20.90	19.60	19.90	19.70	40.10	-0.10	0.00	0.00
93.30	20.90	19.70	19.80	19.90	39.20	1.00	0.00	0.00
93.40	20.90	19.70	19.80	19.90	39.80	0.70	0.00	0.00
93.50	21.00	19.80	19.90	19.80	40.00	0.50	0.00	0.00
93.60	21.00	19.70	19.80	19.70	40.00	0.50	0.00	0.00
93.70	21.00	19.70	19.80	19.70	40.00	0.40	0.00	0.00
93.80	20.90	19.70	19.90	19.80	40.00	0.20	0.00	0.00
93.90	20.90	19.70	19.90	19.90	40.10	0.50	0.00	0.00
94.00	20.90	19.70	19.90	19.90	40.10	0.50	0.00	0.00
94.10	20.80	19.80	19.80	19.80	40.30	0.50	0.00	0.00
94.20	20.80	19.80	19.80	19.80	40.30	0.40	0.00	0.00
94.30	21.00	19.70	19.80	19.80	40.30	0.70	0.00	0.00
94.40	21.00	19.80	19.80	19.90	40.00	0.70	0.00	0.00
94.50	21.00	19.80	19.80	19.90	40.00	0.70	0.00	0.00
94.60	20.70	19.70	19.70	19.70	39.80	0.50	0.00	0.00
94.70	20.70	19.70	19.70	19.70	40.10	0.40	0.00	0.00
94.80	20.80	19.70	19.80	19.80	40.10	0.40	0.00	0.00
94.90	20.90	19.60	19.80	19.70	40.00	0.50	0.00	0.00
95.00	20.90	19.60	19.80	19.70	40.10	0.80	0.00	0.00
95.10	20.90	19.60	19.80	19.80	40.30	0.40	0.00	0.00
95.20	20.90	19.60	19.80	19.70	40.30	0.70	0.00	0.00
95.30	20.90	19.60	19.80	19.70	40.10	0.20	0.00	0.00
95.40	21.00	19.70	19.90	19.80	40.30	0.70	0.00	0.00
95.50	20.80	19.60	19.70	19.70	40.00	0.70	0.00	0.00
95.60	20.80	19.60	19.70	19.70	40.10	0.50	0.00	0.00
95.70	20.80	19.70	19.90	19.70	40.00	0.50	0.00	0.00
95.80	20.80	19.70	19.90	19.70	39.60	0.70	0.00	0.00
95.90	20.80	19.70	19.80	19.80	40.00	0.70	0.00	0.00
96.00	20.70	19.50	19.80	19.70	40.30	0.70	0.00	0.00
96.10	20.70	19.50	19.80	19.70	40.00	0.70	0.00	0.00
96.20	20.80	19.70	19.90	19.90	40.10	0.50	0.00	0.00
96.30	20.80	19.70	19.80	19.80	40.10	1.00	0.00	0.00
96.40	20.80	19.70	19.80	19.80	40.10	0.40	0.00	0.00
96.50	21.00	19.60	19.90	19.80	39.80	0.70	0.00	0.00
96.60	21.00	19.60	19.90	19.80	40.30	0.50	0.00	0.00
96.70	21.00	19.80	20.00	19.70	40.30	0.50	0.00	0.00
96.80	21.00	19.70	19.90	19.80	39.60	0.80	0.00	0.00
96.90	20.80	19.70	19.80	19.70	39.80	0.50	0.00	0.00
97.00	20.80	19.70	19.80	19.70	40.00	0.70	0.00	0.00
97.10	21.00	19.80	19.90	19.80	39.80	0.70	0.00	0.00
97.20	21.00	19.80	19.90	19.80	39.80	1.00	0.00	0.00
97.30	21.00	19.70	20.00	19.90	40.00	0.50	0.00	0.00
97.40	20.90	19.80	19.90	19.80	40.10	0.80	0.00	0.00
97.50	20.90	19.80	19.90	19.80	40.10	0.50	0.00	0.00
97.60	20.90	19.70	19.80	19.70	39.60	0.70	0.00	0.00
97.70	21.10	19.70	19.80	19.70	39.60	0.70	0.00	0.00
97.80	21.10	19.70	19.80	19.70	40.40	1.20	0.00	0.00
97.90	21.00	19.70	19.90	19.80	40.00	0.80	0.00	0.00
98.00	20.90	19.70	19.80	19.80	40.00	0.70	0.00	0.00
98.10	20.90	19.70	19.80	19.80	40.30	0.80	0.00	0.00
98.20	21.00	19.70	19.90	19.90	40.10	0.20	0.00	0.00
98.30	20.80	19.60	19.80	19.90	39.80	0.70	0.00	0.00
98.40	20.80	19.60	19.80	19.90	40.10	0.50	0.00	0.00
98.50	20.90	19.70	19.80	19.80	39.80	0.70	0.00	0.00
98.60	20.90	19.70	19.80	19.80	39.80	0.70	0.00	0.00
98.70	20.70	19.70	19.80	19.70	40.10	0.20	0.00	0.00
98.80	20.70	19.50	19.70	19.80	40.30	0.70	0.00	0.00
98.90	20.70	19.50	19.70	19.80	40.10	0.20	0.00	0.00
99.00	20.70	19.70	19.80	19.70	40.10	0.70	0.00	0.00
99.10	20.80	19.70	19.90	19.90	40.00	0.70	0.00	0.00
99.20	20.80	19.70	19.90	19.90	39.80	0.70	0.00	0.00
99.30	20.90	19.70	19.80	19.80	39.80	0.70	0.00	0.00
99.40	20.80	19.70	20.00	19.80	39.80	0.50	0.00	0.00
99.50	20.80	19.70	20.00	19.80	40.10	0.50	0.00	0.00
99.60	20.80	19.70	19.90	19.70	40.10	0.50	0.00	0.00
99.70	20.80	19.70	19.90	19.70	39.80	0.80	0.00	0.00
99.80	20.70	19.70	20.00	19.70	39.80	0.40	0.00	0.00
99.90	20.80	19.60	19.80	19.70	40.40	0.40	0.00	0.00
100.00	20.80	19.60	19.80	19.70	40.10	0.80	0.00	0.00
100.10	20.80	19.60	19.90	19.80	40.10	1.00	0.00	0.00
100.20	20.80	19.70	19.90	19.70	39.60	0.50	0.00	0.00
100.30	20.80	19.70	19.90	19.70	40.00	0.50	0.00	0.00
100.40	20.80	19.60	19.80	19.70	40.00	0.40	0.00	0.00
100.50	20.90	19.60	19.80	19.70	40.00	0.40	0.00	0.00
100.60	20.90	19.60	19.80	19.70	39.80	0.70	0.00	0.00
100.70	20.90	19.80	19.90	19.70	40.10	0.40	0.00	0.00
100.80	20.80	19.70	19.90	19.90	40.30	0.70	0.00	0.00
100.90	20.80	19.70	19.90	19.90	40.00	0.70	0.00	0.00
101.00	20.80	19.70	19.90	19.80	39.20	0.80	0.00	0.00
101.10	20.80	19.80	19.90	19.80	40.00	0.50	0.00	0.00
101.20	20.80	19.80	19.90	19.80	40.00	0.50	0.00	0.00
101.30	20.90	19.60	19.80	19.80	40.00	-0.20	0.00	0.00
101.40	20.90	19.60	19.80	19.80	40.00	-0.20	0.00	0.00
101.50	20.70	19.50	19.90	19.90	40.00	-0.20	0.00	0.00
101.60	20.70	19.70	19.80	19.80	39.80	1.00	0.00	0.00
101.70	20.70	19.70	19.80	19.80	39.80	0.70	0.00	0.00
101.80	20.70	19.70	19.80	19.80	39.80	-0.10	0.00	0.00
101.90	20.70	19.60	19.80	19.80	40.00	0.80	0.00	0.00
102.00	20.70	19.60	19.80	19.80	40.10	0.50	0.00	0.00
102.10	20.80	19.80	19.80	19.80	40.10	0.50	0.00	0.00
102.20	20.70	19.60	19.90	19.70	40.30	0.80	0.00	0.00
102.30	20.70	19.60	19.90	19.70	40.10	0.50	0.00	0.00
102.40	20.70	19.60	19.70	19.70	40.10	0.50	0.00	0.00
102.50	20.80	19.70	19.70	19.80	40.10	0.50	0.00	0.00
102.60	20.80	19.70	19.70	19.80	40.00	0.50	0.00	0.00
102.70	20.80	19.70	19.80	19.70	40.00	0.20	0.00	0.00
102.80	20.90	19.60	19.80	19.60	39.60	0.50	0.00	0.00
102.90	20.90	19.60	19.80	19.60	39.80	0.50	0.00	0.00
103.00	20.70	19.70	19.80	19.80	39.60	0.50	0.00	0.00
103.10	20.70	19.70	19.80	19.80	40.00	0.50	0.00	0.00
103.20	20.70	19.70	19.80	19.80	40.30	0.50	0.00	0.00
103.30	20.70	19.70	19.90	19.90	40.10	0.40	0.00	0.00
103.40	20.70	19.70	19.90	19.90	40.10	0.40	0.00	0.00
103.50	20.80	19.70	19.90	19.80	40.30	0.50	0.00	0.00
103.60	20.80	19.70	19.80	19.70	40.40	0.40	0.00	0.00
103.70	20.80	19.70	19.80	19.70	39.80	0.70	0.00	0.00
103.80	20.70	19.70	19.70	19.70	39.60	0.50	0.00	0.00
103.90	20.80	19.60	19.80	19.70	40.40	0.70	0.00	0.00
104.00	20.80	19.60	19.80	19.70	40.00	0.50	0.00	0.00
104.10	20.80	19.80	20.00	19.90	39.80	0.80	0.00	0.00
104.20	20.70	19.70	19.70	19.70	40.00	1.00	0.00	0.00
104.30	20.70	19.70	19.70	19.70	40.10	0.70	0.00	0.00
104.40	20.80	19.70	19.80	19.70	40.10	0.70	0.00	0.00
104.50	20.80	19.70	19.80	19.70	40.10	0.20	0.00	0.00
104.60	20.80	19.70	19.90	19.80	39.80	0.80	0.00	0.00
104.70	20.90	19.70	19.70	19.80	40.00	0.70	0.00	0.00
104.80	20.70	19.80	20.00	19.80	40.10	0.70	0.00	0.00
104.90	20.70	19.80	20.00	19.80	40.10	0.70	0.00	0.00
105.00	20.70	19.70	19.80	19.90	39.80	0.20	0.00	0.00
105.10	20.70	19.70	19.80	19.90	40.00	1.00	0.00	0.00
105.20	20.70	19.70	19.80	19.80	40.10	0.50	0.00	0.00
105.30	20.80	19.60	19.80	19.70	40.10	0.50	0.00	0.00
105.40	20.80	19.60	19.80	19.70	40.10	0.80	0.00	0.00
105.50	20.70	19.70	19.90	19.90	40.30	0.50	0.00	0.00
105.60	20.80	19.70	19.80	19.80	40.00	0.80	0.00	0.00
105.70	20.80	19.70	19.80	19.80	39.80	0.70	0.00	0.00
105.80	20.80	19.80	20.00	19.80	40.00	0.70	0.00	0.00
105.90	20.90	19.60	19.80	19.60	40.00	0.70	0.00	0.00
106.00	20.90	19.60	19.80	19.60	40.40	0.80	0.00	0.00
106.10	20.80	19.70	19.90	19.90	39.80	0.40	0.00	0.00
106.20	20.70	19.70	19.80	19.80	39.80	0.40	0.00	0.00
106.30	20.70	19.70	19.80	19.80	40.00	0.80	0.00	0.00
106.40	20.70	19.70	19.90	19.70	40.10	0.80	0.00	0.00
106.50	20.70	19.70	19.90	19.70	40.00	0.20	0.00	0.00
106.60	20.60	19.60	19.80	19.60	40.00	0.40	0.00	0.00
106.70	20.60	19.60	19.80	19.60	40.10	0.50	0.00	0.00
106.80	20.60	19.70	19.80	19.70	39.80	0.50	0.00	0.00
106.90	20.90	19.70	19.80	19.80	40.10	0.80	0.00	0.00
107.00	20.90	19.70	19.80	19.80	40.10	0.70	0.00	0.00
107.10	20.80	19.70	19.90	19.80	40.30	-0.40	0.00	0.00
107.20	20.70	19.80	19.90	19.80	40.30	-0.40	0.00	0.00
107.30	20.70	19.80	19.90	19.80	39.60	0.70	0.00	0.00
107.40	20.70	19.80	19.90	19.80	40.00	0.80	0.00	0.00
107.50	20.90	19.70	20.00	19.80	40.40	0.70	0.00	0.00
107.60	20.90	19.70	20.00	19.80	40.40	0.50	0.00	0.00
107.70	20.80	19.60	19.90	19.80	40.30	0.70	0.00	0.00
107.80	20.70	19.70	19.80	19.60	40.10	0.70	0.00	0.00
107.90	20.70	19.70	19.80	19.60	39.60	0.80	0.00	0.00
108.00	20.80	19.60	19.80	19.80	39.00	0.50	0.00	0.00
108.10	20.80	19.60	19.80	19.80	39.00	0.50	0.00	0.00
108.20	20.70	19.80	19.90	19.80	39.80	0.70	0.00	0.00
108.30	20.80	19.70	19.90	19.70	40.30	0.50	0.00	0.00
108.40	20.80	19.70	19.90	19.70	40.60	0.50	0.00	0.00
108.50	20.70	19.70	19.80	19.70	40.30	0.40	0.00	0.00
108.60	20.60	19.70	19.80	19.70	40.00	0.50	0.00	0.00
108.70	20.60	19.70	19.80	19.70	40.10	0.50	0.00	0.00
108.80	20.80	19.70	19.90	19.80	40.10	0.70	0.00	0.00
108.90	20.90	19.70	19.90	19.80	40.00	0.70	0.00	0.00
109.00	20.90	19.70	19.90	19.80	40.00	0.40	0.00	0.00
109.10	20.80	19.70	19.80	19.80	40.30	0.50	0.00	0.00
109.20	20.90	19.60	19.90	19.90	40.10	0.80	0.00	0.00
109.30	20.90	19.60	19.90	19.90	40.00	0.70	0.00	0.00
109.40	20.80	19.70	19.90	19.70	40.30	0.50	0.00	0.00
109.50	20.70	19.70	19.90	19.90	40.00	0.70	0.00	0.00
109.60	20.70	19.70	19.90	19.90	40.00	1.00	0.00	0.00
109.70	20.60	19.70	19.80	19.80	39.60	0.50	0.00	0.00
109.80	20.80	19.80	19.80	19.70	39.50	0.40	0.00	0.00
109.90	20.80	19.80	19.80	19.70	40.10	0.70	0.00	0.00
110.00	20.70	19.80	19.90	19.80	40.10	0.70	0.00	0.00
110.10	20.70	19.80	19.90	19.80	40.30	0.50	0.00	0.00
110.20	20.70	19.60	19.90	19.80	40.00	0.80	0.00	0.00
110.30	20.70	19.80	20.00	19.90	39.80	1.20	0.00	0.00
110.40	20.70	19.80	20.00	19.90	40.10	0.80	0.00	0.00
110.50	20.60	19.80	19.90	19.80	40.00	1.00	0.00	0.00
110.60	20.70	19.70	19.90	19.90	40.00	0.80	0.00	0.00
110.70	20.70	19.70	19.90	19.90	40.10	0.50	0.00	0.00
110.80	20.80	19.70	19.90	19.70	40.00	1.20	0.00	0.00
110.90	20.80	19.70	19.90	19.70	40.00	1.20	0.00	0.00
111.00	20.60	19.60	19.80	19.80	40.40	0.80	0.00	0.00
111.10	20.60	19.70	19.80	19.80	40.30	0.70	0.00	0.00
111.20	20.60	19.70	19.80	19.80	39.80	1.00	0.00	0.00
111.30	20.80	19.80	19.80	19.80	40.00	0.70	0.00	0.00
111.40	20.80	19.80	19.80	19.80	39.80	0.10	0.00	0.00
111.50	20.70	19.60	19.80	19.70	38.70	0.70	0.00	0.00
111.60	20.90	19.70	19.80	19.70	40.00	0.50	0.00	0.00
111.70	20.90	19.70	19.80	19.70	39.80	0.50	0.00	0.00
111.80	20.60	19.80	19.80	19.70	39.80	0.50	0.00	0.00
111.90	20.90	19.70	19.80	19.80	39.60	0.70	0.00	0.00
112.00	20.90	19.70	19.80	19.80	40.30	0.70	0.00	0.00
112.10	20.60	19.70	19.80	19.80	40.00	0.80	0.00	0.00
112.20	20.50	19.60	19.80	19.60	40.10	1.00	0.00	0.00
112.30	20.50	19.60	19.80	19.60	40.40	0.70	0.00	0.00
112.40	20.60	19.70	19.70	19.70	40.00	0.20	0.00	0.00
112.50	20.70	19.80	19.80	19.80	40.00	0.70	0.00	0.00
112.60	20.70	19.80	19.80	19.80	40.10	0.70	0.00	0.00
112.70	20.70	19.70	19.90	19.70	40.00	0.20	0.00	0.00
112.80	20.70	19.80	19.80	19.80	40.00	0.20	0.00	0.00
112.90	20.70	19.80	19.80	19.80	39.80	0.50	0.00	0.00
113.00	20.80	19.70	19.90	19.70	39.60	0.40	0.00	0.00
113.10	20.70	19.80	19.90	19.90	40.00	0.40	0.00	0.00
113.20	20.70	19.80	19.90	19.90	40.00	0.70	0.00	0.00
113.30	20.60	19.90	19.80	19.70	40.40	0.80	0.00	0.00
113.40	20.60	19.90	19.80	19.70	40.00	0.50	0.00	0.00
113.50	20.70	19.70	19.80	19.80	40.00	0.50	0.00	0.00
113.60	20.70	19.80	19.90	19.80	40.10	0.50	0.00	0.00
113.70	20.70	19.80	19.90	19.80	40.10	0.50	0.00	0.00
113.80	20.50	19.60	19.80	19.70	39.80	0.80	0.00	0.00
113.90	20.60	19.70	19.70	19.70	40.30	0.70	0.00	0.00
114.00	20.60	19.70	19.70	19.70	40.30	0.70	0.00	0.00
114.10	20.80	19.70	19.80	19.70	39.80	0.70	0.00	0.00
114.20	20.70	19.60	19.80	19.70	40.00	0.50	0.00	0.00
114.30	20.70	19.60	19.80	19.70	40.10	0.50	0.00	0.00
114.40	20.60	19.60	19.70	19.70	40.00	0.40	0.00	0.00
114.50	20.70	19.70	19.80	19.70	39.60	0.70	0.00	0.00
114.60	20.70	19.70	19.80	19.70	40.10	0.80	0.00	0.00
114.70	20.70	19.80	19.90	19.80	40.10	0.80	0.00	0.00
114.80	20.90	19.80	19.90	19.80	40.10	0.40	0.00	0.00
114.90	20.90	19.80	19.90	19.80	39.80	0.70	0.00	0.00
115.00	20.70	19.70	19.90	19.80	40.10	0.70	0.00	0.00
115.10	20.60	19.70	19.80	19.80	40.10	0.50	0.00	0.00
115.20	20.60	19.70	19.80	19.80	39.80	0.40	0.00	0.00
115.30	20.70	19.90	19.80	19.80	40.10	0.40	0.00	0.00
115.40	20.70	19.90	19.80	19.80	40.00	0.50	0.00	0.00
115.50	20.70	19.60	19.80	19.70	40.30	0.50	0.00	0.00
115.60	20.80	19.80	19.90	19.90	40.10	0.50	0.00	0.00
115.70	20.80	19.80	19.90	19.90	40.10	0.50	0.00	0.00
115.80	20.60	19.80	19.90	19.90	40.10	0.50	0.00	0.00
115.90	20.60	19.80	19.90	19.90	39.80	0.80	0.00	0.00
116.00	20.80	19.80	19.90	19.80	39.80	0.40	0.00	0.00
116.10	20.70	19.70	19.80	19.80	40.40	0.70	0.00	0.00
116.20	20.70	19.70	19.80	19.80	40.10	0.80	0.00	0.00
116.30	20.60	19.80	19.90	19.70	39.80	0.20	0.00	0.00
116.40	20.60	19.70	19.80	19.80	40.30	0.40	0.00	0.00
116.50	20.60	19.70	19.80	19.80	39.60	0.50	0.00	0.00
116.60	20.80	19.70	19.90	19.70	39.60	0.50	0.00	0.00
116.70	20.80	19.70	19.90	19.70	40.00	0.70	0.00	0.00
116.80	20.50	19.70	19.90	19.70	40.10	0.80	0.00	0.00
116.90	20.60	19.80	19.80	19.70	39.80	0.50	0.00	0.00
117.00	20.60	19.80	19.80	19.70	40.40	0.80	0.00	0.00
117.10	20.60	19.80	20.00	19.80	39.80	0.40	0.00	0.00
