Ambient Temperature(C): 19.8
Ambient Pressure(in Hg): 29.3
29.3
Time(s)	T1(Deg C)	Wall Temp(Deg C)	Top Plate(Deg C)	Bottom Plate(Deg C)	P1(PSI)	P2(PSI)	Mass Flowrate(g/min)	Heater Energy (kJ)

0.00	38.10	34.60	28.70	25.10	1.20	2.20	0.00	0.00
0.10	38.10	34.60	28.70	25.10	1.00	2.10	0.00	0.00
0.20	38.00	34.70	28.80	25.20	1.30	2.20	0.00	0.00
0.30	38.00	34.70	28.80	25.20	1.30	1.90	0.00	0.00
0.40	38.10	34.60	28.90	25.10	1.20	2.10	0.00	0.00
0.50	37.90	34.60	28.70	24.90	1.20	1.60	0.00	0.00
0.60	37.90	34.60	28.70	24.90	0.90	1.90	0.00	0.00
0.70	37.90	34.60	28.70	25.10	1.60	2.10	0.00	0.00
0.80	37.90	34.60	28.80	25.10	1.20	2.20	0.00	0.00
0.90	37.90	34.60	28.80	25.10	0.90	1.90	0.00	0.00
1.00	37.80	34.50	28.70	25.00	1.00	2.20	0.00	0.00
1.10	38.00	34.70	28.90	25.20	1.30	2.10	0.00	0.00
1.20	38.00	34.70	28.90	25.20	1.00	2.20	0.00	0.00
1.30	38.00	34.60	28.80	25.10	1.20	2.40	0.00	0.00
1.40	38.10	34.60	28.80	25.20	1.20	2.40	0.00	0.00
1.50	38.10	34.60	28.80	25.20	1.20	2.40	0.00	0.00
1.60	38.00	34.60	28.80	25.10	1.20	2.10	0.00	0.00
1.70	38.00	34.60	28.80	25.10	0.10	2.20	0.00	0.00
1.80	38.00	34.60	28.80	25.00	1.00	2.40	0.00	0.00
1.90	38.10	34.70	28.80	25.10	1.50	2.40	0.00	0.00
2.00	37.90	34.60	28.80	25.00	1.20	2.40	0.00	0.00
2.10	37.90	34.60	28.80	25.00	1.00	2.70	0.00	0.00
2.20	38.00	34.50	28.70	24.90	0.70	2.10	0.00	0.00
2.30	37.90	34.60	28.80	25.10	0.90	2.20	0.00	0.00
2.40	37.90	34.60	28.80	25.10	0.90	2.20	0.00	0.00
2.50	37.80	34.40	28.70	25.00	0.90	1.90	0.00	0.00
2.60	38.00	34.60	28.80	25.00	1.20	2.70	0.00	0.00
2.70	38.00	34.60	28.80	25.00	1.00	2.20	0.00	0.00
2.80	38.10	34.60	28.90	25.20	0.10	2.40	0.00	0.00
2.90	37.70	34.50	28.80	24.90	0.90	2.20	0.00	0.00
3.00	37.70	34.50	28.80	24.90	1.20	2.40	0.00	0.00
3.10	38.00	34.60	28.80	25.10	1.00	2.20	0.00	0.00
3.20	37.90	34.60	28.80	25.00	0.90	2.40	0.00	0.00
3.30	37.90	34.60	28.80	25.00	1.00	2.40	0.00	0.00
3.40	37.80	34.50	28.80	24.90	1.00	2.40	0.00	0.00
3.50	37.80	34.50	28.60	25.00	1.00	2.10	0.00	0.00
3.60	37.80	34.50	28.60	25.00	0.90	2.40	0.00	0.00
3.70	38.10	34.50	28.70	25.20	1.30	2.50	0.00	0.00
3.80	38.00	34.60	28.80	25.10	1.20	2.20	0.00	0.00
3.90	38.00	34.60	28.80	25.10	0.70	2.40	0.00	0.00
4.00	38.10	34.40	28.70	25.00	0.70	2.50	0.00	0.00
4.10	38.00	34.50	28.90	25.10	0.70	2.20	0.00	0.00
4.20	38.00	34.50	28.90	25.10	1.20	2.10	0.00	0.00
4.30	37.90	34.50	28.80	25.10	0.90	1.90	0.00	0.00
4.40	38.00	34.40	28.80	25.00	0.90	1.90	0.00	0.00
4.50	38.00	34.40	28.80	25.00	1.00	1.80	0.00	0.00
4.60	36.90	34.40	28.70	24.90	2.10	2.50	0.00	0.00
4.70	36.90	34.40	28.70	24.90	2.30	3.00	0.00	0.00
4.80	37.40	34.40	28.60	25.00	2.30	2.50	0.00	0.00
4.90	37.80	34.60	28.80	25.00	2.30	2.50	0.00	0.00
5.00	37.80	34.60	28.80	25.00	1.80	2.80	0.00	0.00
5.10	37.80	34.30	28.70	25.00	2.40	2.70	0.00	0.00
5.20	38.20	34.60	28.90	25.20	1.80	2.40	0.00	0.00
5.30	38.20	34.60	28.90	25.20	1.80	2.40	0.00	0.00
5.40	38.10	34.40	28.80	25.10	2.30	2.70	-0.02	0.00
5.50	38.10	34.40	28.80	25.10	2.10	2.50	0.04	0.00
5.60	38.00	34.40	28.90	25.10	1.80	2.70	0.02	0.00
5.70	38.30	34.50	28.90	25.10	1.60	2.40	7.78	0.00
5.80	38.30	34.50	28.90	25.10	1.90	2.80	0.75	0.00
5.90	38.00	34.40	28.70	25.00	2.40	2.50	0.60	0.00
6.00	38.10	34.50	28.70	25.00	2.10	2.50	0.50	0.00
6.10	38.10	34.50	28.70	25.00	1.80	2.80	0.41	0.00
6.20	38.20	34.50	28.70	25.00	1.80	2.40	0.40	0.00
6.30	38.00	34.50	28.70	25.10	1.80	2.40	0.36	0.00
6.40	38.00	34.50	28.70	25.10	2.30	2.40	0.32	0.00
6.50	38.10	34.40	28.70	24.90	3.60	2.80	75.78	0.00
6.60	37.30	34.50	28.80	25.00	5.20	2.50	75.78	0.00
6.70	37.30	34.50	28.80	25.00	5.30	2.70	66.22	0.00
6.80	38.10	34.50	28.90	25.00	5.00	2.40	41.52	0.00
6.90	38.10	34.50	28.90	25.00	5.20	2.50	29.68	0.00
7.00	38.60	34.30	28.70	25.10	5.60	2.20	53.56	0.00
7.10	39.10	34.50	28.80	25.10	5.80	2.20	17.51	0.00
7.20	39.10	34.50	28.80	25.10	5.90	2.70	32.93	0.00
7.30	39.40	34.40	28.80	25.00	5.90	2.70	43.31	0.00
7.40	39.40	34.40	28.80	25.00	5.80	2.50	47.99	0.00
7.50	39.50	34.50	28.70	24.90	5.80	3.00	49.96	0.00
7.60	39.80	34.60	28.90	25.10	6.30	2.40	50.59	0.00
7.70	39.80	34.60	28.90	25.10	6.30	2.50	50.92	0.00
7.80	39.70	34.60	28.80	25.10	6.30	2.40	50.96	0.00
7.90	39.70	34.60	28.80	25.10	6.70	2.50	50.89	0.00
8.00	39.90	34.60	28.90	25.10	6.90	2.20	50.79	0.00
8.10	40.00	34.50	28.90	25.10	6.90	2.70	50.79	0.00
8.20	40.00	34.50	28.90	25.10	6.90	2.70	50.69	0.00
8.30	40.30	34.60	28.90	25.20	7.20	2.70	50.69	0.00
8.40	40.30	34.50	28.90	25.20	7.30	2.50	50.53	0.00
8.50	40.30	34.50	28.90	25.20	7.20	2.40	50.52	0.00
8.60	40.00	34.50	28.70	25.00	7.50	2.70	50.45	0.00
8.70	40.30	34.60	28.80	25.00	7.60	2.40	50.41	0.00
8.80	40.30	34.60	28.80	25.00	7.90	2.50	50.39	0.00
8.90	40.70	34.60	28.80	25.20	7.80	2.50	50.37	0.00
9.00	40.50	34.50	28.80	25.00	8.10	2.40	50.37	0.00
9.10	40.50	34.50	28.80	25.00	7.90	2.70	50.34	0.00
9.20	40.50	34.50	28.80	25.10	7.90	2.70	50.30	0.00
9.30	40.60	34.40	28.80	25.10	7.90	2.70	50.27	0.00
9.40	40.60	34.40	28.80	25.10	8.60	2.20	50.26	0.00
9.50	40.70	34.50	28.90	25.20	8.70	2.20	50.23	0.00
9.60	40.60	34.50	28.80	25.00	9.00	2.50	50.01	0.00
9.70	40.60	34.50	28.80	25.00	8.40	2.80	50.05	0.00
9.80	40.60	34.60	28.80	25.10	9.50	2.70	50.04	0.00
9.90	40.60	34.60	28.80	25.10	9.50	2.70	50.06	0.00
10.00	40.70	34.60	28.80	25.00	9.50	3.00	50.10	0.00
10.10	40.70	34.40	28.80	25.00	9.30	2.40	50.11	0.00
10.20	40.70	34.40	28.80	25.00	9.30	2.40	50.13	0.00
10.30	40.70	34.60	28.90	25.10	10.30	2.50	50.20	0.00
10.40	40.70	34.60	28.90	25.10	10.10	2.50	50.13	0.00
10.50	40.70	34.60	28.90	25.10	10.30	2.80	50.15	0.00
10.60	40.80	34.60	28.90	25.00	10.40	2.50	50.18	0.00
10.70	40.90	34.60	28.80	25.00	10.90	2.50	50.17	0.00
10.80	40.90	34.60	28.80	25.00	10.60	2.20	50.18	0.00
10.90	40.80	34.50	28.70	25.00	10.70	2.40	50.23	0.00
11.00	41.00	34.50	28.80	25.00	11.20	2.40	50.21	0.00
11.10	41.00	34.50	28.80	25.00	11.20	2.40	50.20	0.00
11.20	40.90	34.50	28.80	25.00	11.00	2.40	50.19	0.00
11.30	40.80	34.60	28.80	25.10	11.30	2.80	50.25	0.00
11.40	40.80	34.60	28.80	25.10	11.20	2.70	50.20	0.00
11.50	40.90	34.40	28.70	25.10	11.60	2.50	50.25	0.00
11.60	41.10	34.50	28.90	25.10	11.60	2.50	50.26	0.00
11.70	41.10	34.50	28.90	25.10	11.90	2.20	50.31	0.00
11.80	40.90	34.60	28.80	25.00	11.80	2.40	50.30	0.00
11.90	40.90	34.60	28.80	25.00	11.90	2.40	49.98	0.00
12.00	41.20	34.50	28.70	25.10	11.90	2.40	49.81	0.00
12.10	41.40	34.50	28.80	25.10	12.70	2.50	49.79	0.00
12.20	41.40	34.50	28.80	25.10	12.40	2.70	49.79	0.00
12.30	41.50	34.60	28.80	25.10	12.90	2.50	49.76	0.00
12.40	41.50	34.60	28.80	25.10	13.00	2.50	49.83	0.00
12.50	41.40	34.50	28.80	25.00	13.00	2.50	49.68	0.00
12.60	41.30	34.30	28.70	24.90	13.00	2.80	49.61	0.00
12.70	41.30	34.30	28.70	24.90	13.20	2.70	49.53	0.00
12.80	41.30	34.60	28.90	25.10	13.00	2.20	49.55	0.00
12.90	41.10	34.50	28.70	25.00	13.50	2.40	49.53	0.00
13.00	41.10	34.50	28.70	25.00	13.50	2.40	49.53	0.00
13.10	41.20	34.50	28.60	25.10	13.50	2.70	49.54	0.00
13.20	41.50	34.70	28.90	25.10	13.60	2.50	49.51	0.00
13.30	41.50	34.70	28.90	25.10	13.80	2.20	49.51	0.00
13.40	41.30	34.40	28.80	24.80	14.40	2.40	49.50	0.00
13.50	41.60	34.60	28.80	25.10	14.40	2.50	49.47	0.00
13.60	41.60	34.60	28.80	25.10	14.30	2.40	49.48	0.00
13.70	41.50	34.40	28.80	25.00	14.90	2.70	49.47	0.00
13.80	41.40	34.50	28.60	25.00	15.00	2.70	49.53	0.00
13.90	41.40	34.50	28.60	25.00	15.00	2.70	49.46	0.00
14.00	41.50	34.60	28.80	25.20	14.70	2.70	49.42	0.00
14.10	41.50	34.60	28.80	25.20	14.90	2.70	49.46	0.00
14.20	41.50	34.60	28.80	25.00	15.50	2.70	49.44	0.00
14.30	41.50	34.40	28.80	25.10	15.20	2.50	49.44	0.00
14.40	41.50	34.40	28.80	25.10	15.80	2.40	49.41	0.00
14.50	41.40	34.60	28.90	25.10	15.60	2.70	49.38	0.00
14.60	41.40	34.50	28.70	24.90	15.80	2.20	49.40	0.00
14.70	41.40	34.50	28.70	24.90	16.10	2.40	49.40	0.00
14.80	41.40	34.60	28.70	25.00	15.90	2.40	49.41	0.00
14.90	41.50	34.70	28.70	25.20	16.60	2.50	49.42	0.00
15.00	41.50	34.70	28.70	25.20	16.30	2.40	49.36	0.00
15.10	41.40	34.50	28.80	25.10	15.90	2.20	49.36	0.00
15.20	41.50	34.40	28.80	24.90	16.40	2.40	49.38	0.00
15.30	41.50	34.40	28.80	24.90	16.40	2.40	49.44	0.00
15.40	41.70	34.50	28.70	25.00	17.20	2.50	49.47	0.00
15.50	41.70	34.50	28.70	25.00	17.00	2.40	49.88	0.00
15.60	41.60	34.60	28.80	25.00	17.60	2.50	50.43	0.00
15.70	41.70	34.60	28.80	25.10	17.60	2.40	50.62	0.00
15.80	41.70	34.60	28.80	25.10	17.60	2.40	50.63	0.00
15.90	41.80	34.50	28.80	25.10	17.50	2.70	50.60	0.00
16.00	41.60	34.60	28.70	25.10	17.80	2.70	50.58	0.00
16.10	41.60	34.60	28.70	25.10	16.90	2.80	50.56	0.00
16.20	41.80	34.50	28.80	25.00	17.90	2.40	50.52	0.00
16.30	41.70	34.50	28.90	25.00	17.90	2.50	50.51	0.00
16.40	41.70	34.50	28.90	25.00	18.30	2.50	50.47	0.00
16.50	41.70	34.50	28.70	25.10	18.60	2.50	50.43	0.00
16.60	41.70	34.40	28.70	25.10	19.00	2.40	50.46	0.00
16.70	41.70	34.40	28.70	25.10	19.00	2.40	50.46	0.00
16.80	41.70	34.70	28.80	25.00	18.90	2.50	50.46	0.00
16.90	41.80	34.60	28.80	25.10	19.20	2.70	50.40	0.00
17.00	41.80	34.60	28.80	25.10	19.30	2.50	50.43	0.00
17.10	41.70	34.60	28.80	25.00	19.80	2.70	50.39	0.00
17.20	42.00	34.50	29.10	25.10	18.90	2.20	50.39	0.00
17.30	42.00	34.50	29.10	25.10	18.70	2.50	50.38	0.00
17.40	41.80	34.40	28.80	25.00	19.80	2.50	50.34	0.00
17.50	41.60	34.40	28.70	24.90	20.10	2.70	50.34	0.00
17.60	41.60	34.40	28.70	24.90	20.10	2.70	50.30	0.00
17.70	41.90	34.50	28.80	25.10	19.90	2.50	50.27	0.00
17.80	41.90	34.50	28.80	25.10	19.90	2.70	50.28	0.00
17.90	41.80	34.30	28.70	24.90	20.10	2.20	50.25	0.00
18.00	41.80	34.50	28.80	25.10	20.60	2.20	50.23	0.00
18.10	42.00	34.50	28.90	25.10	20.90	2.40	50.23	0.00
18.20	42.00	34.50	28.90	25.10	20.90	2.40	50.17	0.00
18.30	41.80	34.50	28.80	25.10	21.00	2.70	50.14	0.00
18.40	41.80	34.50	28.80	25.10	21.30	2.80	50.11	0.00
18.50	42.00	34.50	28.70	25.00	21.30	2.80	50.11	0.00
18.60	41.80	34.40	28.70	25.00	21.20	2.20	50.07	0.00
18.70	41.80	34.40	28.70	25.00	21.30	2.50	50.00	0.00
18.80	42.00	34.50	28.80	25.00	21.50	2.50	50.00	0.00
18.90	42.00	34.60	28.80	25.10	21.90	2.40	49.98	0.00
19.00	42.00	34.60	28.80	25.10	21.80	2.10	49.98	0.00
19.10	41.90	34.60	28.80	25.00	22.30	2.40	49.94	0.00
19.20	42.00	34.50	28.90	25.10	21.80	2.80	49.93	0.00
19.30	42.00	34.50	28.90	25.10	22.30	2.40	49.88	0.00
19.40	42.00	34.50	28.80	25.20	22.60	2.40	49.86	0.00
19.50	42.00	34.50	28.80	25.20	22.60	2.40	49.88	0.00
19.60	42.00	34.50	28.70	25.00	23.00	2.50	49.88	0.00
19.70	42.00	34.50	29.00	25.10	23.00	2.70	49.87	0.00
19.80	42.00	34.50	29.00	25.10	23.20	2.50	49.85	0.00
19.90	41.90	34.50	28.80	25.10	23.00	2.70	49.83	0.00
20.00	41.90	34.50	28.70	25.10	22.70	2.50	49.79	0.00
20.10	41.90	34.50	28.70	25.10	23.60	2.40	49.78	0.00
20.20	41.90	34.50	28.90	25.00	23.50	2.50	49.78	0.00
20.30	42.00	34.60	28.80	25.10	23.80	2.40	49.74	0.00
20.40	42.00	34.60	28.80	25.10	23.50	2.40	49.73	0.00
20.50	41.90	34.50	28.70	25.00	24.10	2.20	49.69	0.00
20.60	41.80	34.60	28.80	25.10	24.30	2.50	49.66	0.00
20.70	41.80	34.60	28.80	25.10	24.90	2.50	49.63	0.00
20.80	41.90	34.40	28.70	24.80	24.40	2.50	49.60	0.00
20.90	42.00	34.50	28.90	25.10	24.90	2.50	49.60	0.00
21.00	42.00	34.50	28.90	25.10	24.70	2.70	49.55	0.00
21.10	41.90	34.40	28.70	25.00	24.70	2.20	49.55	0.00
21.20	42.00	34.50	28.80	25.10	24.90	2.10	49.54	0.00
21.30	42.00	34.50	28.80	25.10	25.30	2.40	49.50	0.00
21.40	41.90	34.50	28.80	25.00	25.30	2.40	49.48	0.00
21.50	41.90	34.50	28.80	25.00	25.30	2.50	49.46	0.00
21.60	42.00	34.60	28.90	25.10	26.10	2.70	49.43	0.00
21.70	42.10	34.40	28.80	25.10	25.30	2.40	49.41	0.00
21.80	42.10	34.40	28.80	25.10	25.80	2.50	49.38	0.00
21.90	41.90	34.30	28.70	25.00	26.10	2.20	49.36	0.00
22.00	42.00	34.60	28.80	25.20	25.80	2.40	49.40	0.00
22.10	42.00	34.60	28.80	25.20	26.10	2.50	49.40	0.00
22.20	41.80	34.40	28.80	25.00	26.30	2.50	49.37	0.00
22.30	42.10	34.40	28.70	25.10	26.60	2.50	49.37	0.00
22.40	42.10	34.40	28.70	25.10	26.60	2.50	49.33	0.00
22.50	42.00	34.40	28.80	24.90	26.70	2.70	49.37	0.00
22.60	42.00	34.40	28.80	24.90	26.90	2.40	49.30	0.00
22.70	42.10	34.50	28.90	25.10	27.20	2.20	49.29	0.00
22.80	42.20	34.50	28.90	25.10	27.00	2.50	49.29	0.00
22.90	42.20	34.50	28.90	25.10	27.20	2.50	49.29	0.00
23.00	42.20	34.50	28.80	25.10	27.20	2.70	50.13	0.00
23.10	42.00	34.30	28.70	24.90	27.50	2.40	50.63	0.00
23.20	42.00	34.30	28.70	24.90	28.10	2.50	50.83	0.00
23.30	42.10	34.40	28.80	25.10	28.10	2.50	50.90	0.00
23.40	42.20	34.40	28.60	25.00	28.10	2.20	50.86	0.00
23.50	42.20	34.40	28.60	25.00	28.30	2.20	50.83	0.00
23.60	42.10	34.50	28.80	25.10	28.30	2.50	50.81	0.00
23.70	42.10	34.50	28.80	25.10	28.30	2.40	50.76	0.00
23.80	42.30	34.50	28.80	25.20	28.70	2.70	50.78	0.00
23.90	42.20	34.40	28.80	25.00	28.70	2.70	50.71	0.00
24.00	42.20	34.40	28.80	25.00	29.30	2.70	50.69	0.00
24.10	42.10	34.40	28.80	25.10	29.20	2.20	50.66	0.00
24.20	42.10	34.40	28.70	25.10	28.90	2.70	50.68	0.00
24.30	42.10	34.40	28.70	25.10	28.90	2.70	50.68	0.00
24.40	42.10	34.60	28.80	25.10	29.50	2.50	50.62	0.00
24.50	42.10	34.60	28.80	25.10	29.80	2.40	50.59	0.00
24.60	42.20	34.40	28.80	25.10	29.80	2.40	50.57	0.00
24.70	42.00	34.30	28.80	25.00	30.00	2.40	50.53	0.00
24.80	42.00	34.30	28.80	25.00	30.00	2.20	50.49	0.00
24.90	41.90	34.40	28.80	25.00	30.10	2.50	50.36	0.00
25.00	42.20	34.40	28.80	25.20	30.40	2.40	50.14	0.00
25.10	42.20	34.40	28.80	25.20	30.60	2.40	49.98	0.00
25.20	42.30	34.50	28.80	25.20	30.60	2.40	49.80	0.00
25.30	42.10	34.50	28.80	25.20	30.90	2.50	49.75	0.00
25.40	42.10	34.50	28.80	25.20	30.90	2.50	49.75	0.00
25.50	42.10	34.50	28.70	25.10	30.90	2.40	49.73	0.00
25.60	42.10	34.40	28.80	25.00	31.20	2.70	49.68	0.00
25.70	42.10	34.40	28.80	25.00	30.90	2.40	49.66	0.00
25.80	42.10	34.30	28.70	25.10	31.20	2.50	49.63	0.00
25.90	42.20	34.20	28.80	25.00	31.50	2.50	49.55	0.00
26.00	42.20	34.20	28.80	25.00	31.30	2.40	49.57	0.00
26.10	42.00	34.50	28.80	25.00	31.50	2.40	49.54	0.00
26.20	42.00	34.50	28.80	25.00	31.80	2.50	49.50	0.00
26.30	42.20	34.40	28.80	25.00	32.00	3.00	49.50	0.00
26.40	41.90	34.40	28.70	24.90	32.40	2.20	49.43	0.00
26.50	41.90	34.40	28.70	24.90	32.10	2.50	49.44	0.00
26.60	42.10	34.40	28.70	25.10	32.30	2.20	49.36	0.00
26.70	42.10	34.60	28.80	25.10	32.60	2.50	49.36	0.00
26.80	42.10	34.60	28.80	25.10	32.10	3.00	49.36	0.00
26.90	42.10	34.40	28.80	25.00	33.20	2.20	49.33	0.00
27.00	42.10	34.50	29.00	25.10	33.20	2.20	49.31	0.00
27.10	42.10	34.50	29.00	25.10	32.70	2.50	49.29	0.00
27.20	41.90	34.40	28.80	25.00	33.30	2.50	49.24	0.00
27.30	42.00	34.40	28.80	25.00	33.50	2.70	49.17	0.00
27.40	42.00	34.40	28.80	25.00	33.30	2.40	49.20	0.00
27.50	41.90	34.50	28.70	25.10	33.50	2.80	49.20	0.00
27.60	41.90	34.50	28.70	25.10	33.50	2.40	49.18	0.00
27.70	42.10	34.30	28.80	25.00	34.00	2.20	49.22	0.00
27.80	42.10	34.30	28.80	25.00	34.00	2.70	49.57	0.00
27.90	42.00	34.40	28.70	25.00	34.10	2.70	50.06	0.00
28.00	42.10	34.60	28.90	25.20	34.40	2.70	50.47	0.00
28.10	42.10	34.60	28.90	25.20	34.40	2.70	50.76	0.00
28.20	42.00	34.30	28.70	25.00	34.40	2.50	50.82	0.00
28.30	42.00	34.30	28.80	25.00	35.30	2.70	50.76	0.00
28.40	42.00	34.30	28.80	25.00	35.00	2.80	50.76	0.00
28.50	42.00	34.40	28.80	25.00	35.20	2.40	50.71	0.00
28.60	42.00	34.40	28.80	25.00	34.90	2.70	50.69	0.00
28.70	42.00	34.40	28.80	25.00	35.20	2.80	50.69	0.00
28.80	42.10	34.40	28.70	25.10	35.50	2.20	50.63	0.00
28.90	42.20	34.30	28.80	25.20	35.50	1.90	50.60	0.00
29.00	42.20	34.30	28.80	25.20	35.50	1.90	50.51	0.00
29.10	42.10	34.50	28.80	25.20	36.10	2.70	50.50	0.00
29.20	42.10	34.50	28.80	25.20	36.40	2.40	50.47	0.00
29.30	42.10	34.40	28.80	25.10	35.80	2.40	50.45	0.00
29.40	42.10	34.60	28.80	25.00	36.30	2.70	50.38	0.00
29.50	42.10	34.60	28.80	25.00	36.60	2.70	50.38	0.00
29.60	42.20	34.30	28.80	25.10	36.10	2.70	50.32	0.00
29.70	42.10	34.40	28.90	25.10	36.40	2.70	50.27	0.00
29.80	42.10	34.40	28.90	25.10	36.70	2.40	50.26	0.00
29.90	42.20	34.50	28.80	25.10	36.90	2.40	50.26	0.00
30.00	42.20	34.50	28.80	25.10	37.00	2.40	50.24	0.00
30.10	42.10	34.30	28.80	25.10	36.90	2.40	50.15	0.00
30.20	42.10	34.50	28.80	25.00	37.00	2.20	50.12	0.00
30.30	42.10	34.50	28.80	25.00	37.30	2.70	50.07	0.00
30.40	42.10	34.40	28.90	25.00	37.50	2.50	50.05	0.00
30.50	42.00	34.30	28.80	25.10	37.30	2.50	49.99	0.00
30.60	42.00	34.30	28.80	25.10	38.10	2.40	49.98	0.00
30.70	42.10	34.30	28.80	25.10	37.80	2.50	49.94	0.00
30.80	42.10	34.50	28.80	25.20	38.30	2.40	49.91	0.00
30.90	42.10	34.50	28.80	25.20	38.30	2.40	49.86	0.00
31.00	42.00	34.50	28.80	25.00	38.40	2.20	49.85	0.00
31.10	42.00	34.50	28.80	25.00	38.60	2.50	49.79	0.00
31.20	42.10	34.40	28.80	25.10	38.40	2.20	49.75	0.00
31.30	42.10	34.40	28.70	25.10	38.60	2.50	49.70	0.00
31.40	42.10	34.40	28.70	25.10	39.20	2.70	49.67	0.00
31.50	42.30	34.50	28.80	25.10	39.50	2.20	49.68	0.00
31.60	42.20	34.40	28.80	25.10	39.50	2.50	49.62	0.00
31.70	42.20	34.40	28.80	25.10	39.50	2.50	49.56	0.00
31.80	42.10	34.40	28.80	25.10	39.50	2.40	49.60	0.00
31.90	42.20	34.30	28.70	25.10	39.50	2.40	49.53	0.00
32.00	42.20	34.30	28.70	25.10	39.80	2.80	49.47	0.00
32.10	42.10	34.40	28.70	25.00	40.30	2.50	49.43	0.00
32.20	42.00	34.40	28.90	25.00	40.30	2.50	49.42	0.00
32.30	42.00	34.40	28.90	25.00	40.70	2.50	49.34	0.00
32.40	42.20	34.50	28.80	25.20	40.40	3.30	49.35	0.00
32.50	42.20	34.30	28.90	25.20	40.30	2.40	49.27	0.00
32.60	42.20	34.30	28.90	25.20	40.40	2.20	49.25	0.00
32.70	42.20	34.30	28.80	25.20	41.20	2.70	49.22	0.00
32.80	42.10	34.40	28.70	25.10	41.20	2.70	49.12	0.00
32.90	42.10	34.40	28.70	25.10	40.90	2.40	49.15	0.00
33.00	42.20	34.30	28.90	25.10	40.90	2.40	49.06	0.00
33.10	42.20	34.30	28.90	25.10	41.50	2.80	49.68	0.00
33.20	42.00	34.40	28.90	25.10	41.30	2.50	50.41	0.00
33.30	42.20	34.40	28.90	25.10	41.50	2.70	50.77	0.00
33.40	42.20	34.40	28.90	25.10	41.80	2.50	51.07	0.00
33.50	42.10	34.30	28.80	25.10	41.80	2.20	50.97	0.00
33.60	42.00	34.40	28.70	25.00	42.10	2.40	50.94	0.00
33.70	42.00	34.40	28.70	25.00	42.40	2.50	50.89	0.00
33.80	42.10	34.40	28.80	25.10	42.40	2.50	50.84	0.00
33.90	42.20	34.50	28.80	25.10	42.60	2.40	50.82	0.00
34.00	42.20	34.50	28.80	25.10	42.90	2.50	50.81	0.00
34.10	42.20	34.30	28.80	25.10	42.40	2.50	50.73	0.00
34.20	42.20	34.40	28.80	25.20	42.90	2.20	50.64	0.00
34.30	42.20	34.40	28.80	25.20	43.00	2.80	50.59	0.00
34.40	42.30	34.40	28.80	25.10	43.30	2.50	50.56	0.00
34.50	42.10	34.40	28.80	25.10	43.30	2.50	50.44	0.00
34.60	42.10	34.40	28.80	25.10	43.80	2.50	50.39	0.00
34.70	42.20	34.40	28.80	25.00	43.80	2.50	50.33	0.00
34.80	42.20	34.40	28.80	25.00	44.00	1.60	50.24	0.00
34.90	42.20	34.30	28.80	25.20	43.80	2.20	50.23	0.00
35.00	42.10	34.40	28.80	25.00	44.00	2.40	50.19	0.00
35.10	42.10	34.40	28.80	25.00	44.60	2.50	50.13	0.00
35.20	42.10	34.40	28.80	25.10	44.40	2.70	50.11	0.00
35.30	42.20	34.60	28.80	25.10	44.40	2.50	50.07	0.00
35.40	42.20	34.60	28.80	25.10	44.40	2.50	50.04	0.00
35.50	42.00	34.40	28.80	25.00	44.40	2.20	49.98	0.00
35.60	42.20	34.60	28.90	25.30	44.70	2.40	49.91	0.00
35.70	42.20	34.60	28.90	25.30	45.00	2.20	49.82	0.00
35.80	42.00	34.30	28.80	25.00	45.20	2.40	49.80	0.00
35.90	42.20	34.50	28.90	25.10	45.50	2.40	49.72	0.00
36.00	42.20	34.50	28.90	25.10	45.00	2.10	49.67	0.00
36.10	42.10	34.50	28.80	25.10	45.50	2.70	49.65	0.00
36.20	42.10	34.40	28.80	25.00	45.50	2.70	49.63	0.00
36.30	42.10	34.40	28.80	25.00	45.50	2.40	49.57	0.00
36.40	42.10	34.40	28.80	25.10	45.80	2.40	49.51	0.00
36.50	42.10	34.40	28.80	25.10	46.00	2.80	49.50	0.00
36.60	42.10	34.40	28.80	25.10	46.00	2.80	49.43	0.00
36.70	42.00	34.30	28.70	25.00	46.10	2.40	49.38	0.00
36.80	42.00	34.30	28.70	25.00	46.40	2.70	49.33	0.00
36.90	42.10	34.40	28.80	25.10	46.30	2.20	49.34	0.00
37.00	41.90	34.30	28.70	25.00	46.60	2.20	49.27	0.00
37.10	41.90	34.30	28.70	25.00	47.00	2.50	49.21	0.00
37.20	41.90	34.50	28.80	25.10	46.70	2.50	49.11	0.00
37.30	41.90	34.50	28.80	25.10	46.90	2.20	49.14	0.00
37.40	41.90	34.50	28.80	25.10	47.20	2.50	49.09	0.00
37.50	42.00	34.40	28.90	25.10	47.20	2.50	49.08	0.00
37.60	42.00	34.40	28.90	25.10	47.60	2.40	49.01	0.00
37.70	42.00	34.40	28.90	25.10	47.60	2.70	49.31	0.00
37.80	42.10	34.40	28.80	25.20	47.60	2.40	50.14	0.00
37.90	42.10	34.40	28.80	25.20	47.80	2.40	50.60	0.00
38.00	41.90	34.30	28.90	25.00	48.00	2.50	50.65	0.00
38.10	41.90	34.30	28.70	25.00	48.10	2.10	50.59	0.00
38.20	41.90	34.30	28.70	25.00	48.30	2.50	50.54	0.00
38.30	41.80	34.40	28.90	25.00	48.60	2.70	50.52	0.00
38.40	42.00	34.40	28.80	25.10	48.60	2.20	50.39	0.00
38.50	42.00	34.40	28.80	25.10	48.60	2.20	50.33	0.00
38.60	42.10	34.50	28.90	25.20	49.30	2.10	50.26	0.00
38.70	42.10	34.50	28.90	25.20	49.30	2.50	50.20	0.00
38.80	42.00	34.50	29.00	25.10	48.60	2.40	50.14	0.00
38.90	41.90	34.40	28.70	25.10	49.50	3.00	50.11	0.00
39.00	41.90	34.40	28.70	25.10	49.50	2.70	49.99	0.00
39.10	41.70	34.30	28.80	25.10	49.60	2.50	49.98	0.00
39.20	41.70	34.30	28.80	25.10	49.60	2.50	49.87	0.00
39.30	41.90	34.30	28.90	25.20	50.30	2.50	49.85	0.00
39.40	42.00	34.50	28.80	25.10	49.80	2.80	49.81	0.00
39.50	42.00	34.50	28.80	25.10	49.80	2.80	49.72	0.00
39.60	42.00	34.40	28.90	25.20	50.60	3.00	49.65	0.00
39.70	42.00	34.30	28.80	25.00	50.70	2.40	49.61	0.00
39.80	42.00	34.30	28.80	25.00	50.60	2.40	49.55	0.00
39.90	42.00	34.40	28.90	25.10	50.40	2.40	49.46	0.00
40.00	42.00	34.40	28.80	25.20	50.70	2.50	49.42	0.00
40.10	42.00	34.40	28.80	25.20	50.70	2.50	49.35	0.00
40.20	41.80	34.40	28.80	25.00	51.60	2.40	49.31	0.00
40.30	41.90	34.40	28.80	25.10	51.20	2.50	49.27	0.00
40.40	41.90	34.40	28.80	25.10	51.20	2.50	49.24	0.00
40.50	42.10	34.30	28.80	25.10	51.50	1.90	49.95	0.00
40.60	42.10	34.30	28.80	25.10	51.80	2.50	50.64	0.00
40.70	42.10	34.40	28.80	25.20	51.60	2.80	51.02	0.00
40.80	42.10	34.40	28.80	25.20	52.00	2.50	50.99	0.00
40.90	41.90	34.30	28.80	24.90	52.30	2.20	50.95	0.00
41.00	42.00	34.30	28.80	25.10	52.00	2.40	50.81	0.00
41.10	42.00	34.40	28.90	25.10	52.40	2.50	50.75	0.00
41.20	42.00	34.40	28.90	25.10	52.60	2.40	50.68	0.00
41.30	42.00	34.40	28.70	25.00	52.30	2.40	50.60	0.00
41.40	42.00	34.40	28.70	25.00	53.00	2.50	50.52	0.00
41.50	41.90	34.40	28.90	25.10	53.00	2.40	50.43	0.00
41.60	42.00	34.20	28.70	25.00	53.20	2.50	50.40	0.00
41.70	42.00	34.20	28.70	25.00	53.30	2.70	50.31	0.00
41.80	41.90	34.50	28.90	25.10	53.50	3.00	50.25	0.00
41.90	41.90	34.50	28.90	25.10	53.00	2.50	50.14	0.00
42.00	42.10	34.50	28.90	25.20	53.50	2.40	50.07	0.00
42.10	42.00	34.30	28.80	25.20	53.80	2.70	49.98	0.00
42.20	41.90	34.30	28.80	25.00	54.00	2.40	49.89	0.00
42.30	41.90	34.30	28.80	25.00	54.00	2.40	49.87	0.00
42.40	41.80	34.40	28.80	25.00	54.00	2.50	49.80	0.00
42.50	41.90	34.40	29.00	25.10	54.30	2.70	49.70	0.00
42.60	41.90	34.40	29.00	25.10	54.40	2.70	49.63	0.00
42.70	41.90	34.30	28.80	25.20	54.70	2.40	49.59	0.00
42.80	41.80	34.30	28.70	25.00	54.40	2.80	49.53	0.00
42.90	41.80	34.30	28.70	25.00	54.90	2.40	49.41	0.00
43.00	41.90	34.40	28.90	25.10	54.70	2.20	49.31	0.00
43.10	41.90	34.40	28.90	25.10	55.30	2.80	49.28	0.00
43.20	42.00	34.30	29.00	25.10	55.50	1.80	49.20	0.00
43.30	41.90	34.40	28.90	25.00	55.50	1.80	49.12	0.00
43.40	41.90	34.40	28.90	25.00	55.60	2.50	49.04	0.00
43.50	41.90	34.30	28.80	25.10	55.50	2.40	48.95	0.00
43.60	41.90	34.30	28.80	25.10	55.60	2.50	48.91	0.00
43.70	41.90	34.30	28.80	25.10	55.60	2.50	48.91	0.00
43.80	41.90	34.30	28.80	25.20	56.40	2.50	49.83	0.00
43.90	42.00	34.40	28.90	25.20	56.30	2.40	50.57	0.00
44.00	42.00	34.40	28.90	25.20	56.40	2.50	50.72	0.00
44.10	41.90	34.40	28.80	25.10	56.40	2.70	50.63	0.00
44.20	41.90	34.40	28.80	25.10	56.40	2.70	50.47	0.00
44.30	42.00	34.20	28.90	25.10	56.70	2.40	50.40	0.00
44.40	41.80	34.30	28.90	25.10	57.00	2.20	50.31	0.00
44.50	41.80	34.30	28.90	25.10	57.20	2.50	50.26	0.00
44.60	41.80	34.30	28.80	25.20	57.00	2.50	50.15	0.00
44.70	41.90	34.30	28.80	25.10	57.50	2.50	50.07	0.00
44.80	41.90	34.40	28.90	25.20	57.80	2.50	49.98	0.00
44.90	41.90	34.40	28.90	25.20	57.60	2.70	49.93	0.00
45.00	41.90	34.30	28.80	25.00	57.50	2.40	49.79	0.00
45.10	41.90	34.30	28.80	25.00	58.00	1.90	49.68	0.00
45.20	42.00	34.40	28.90	25.10	58.00	1.90	49.67	0.00
45.30	41.80	34.30	28.80	25.10	58.10	2.40	49.53	0.00
45.40	41.80	34.30	28.80	25.10	58.40	2.50	49.41	0.00
45.50	41.90	34.30	28.90	25.10	58.60	2.20	49.37	0.00
45.60	41.90	34.30	28.90	25.00	58.30	2.40	49.29	0.00
45.70	41.90	34.30	28.90	25.00	58.90	2.20	49.67	0.00
45.80	41.80	34.20	28.90	25.10	58.60	2.70	50.27	0.00
45.90	41.80	34.20	28.90	25.10	59.00	2.50	50.49	0.00
46.00	41.70	34.40	28.90	25.10	59.00	3.00	50.40	0.00
46.10	42.00	34.40	28.90	25.30	59.30	2.80	50.31	0.00
46.20	41.80	34.50	29.00	25.20	59.30	2.80	50.19	0.00
46.30	41.80	34.50	29.00	25.20	59.50	2.50	50.10	0.00
46.40	41.70	34.20	28.80	24.90	59.50	2.20	50.02	0.00
46.50	41.70	34.30	28.80	25.10	59.80	2.70	49.88	0.00
46.60	41.70	34.30	28.80	25.10	60.00	2.50	49.83	0.00
46.70	41.90	34.40	28.90	25.20	60.00	2.40	49.70	0.00
46.80	41.90	34.40	28.90	25.20	60.30	2.50	49.55	0.00
46.90	41.90	34.30	29.00	25.20	60.10	2.50	49.47	0.00
47.00	41.70	34.30	28.80	25.10	60.10	2.40	49.68	0.00
47.10	41.70	34.30	28.80	25.10	60.10	2.40	50.18	0.00
47.20	41.80	34.30	28.80	25.20	60.40	2.50	50.33	0.00
47.30	42.00	34.40	28.80	25.30	60.70	2.20	50.33	0.00
47.40	42.00	34.40	28.80	25.30	61.20	2.80	50.17	0.00
47.50	41.80	34.20	28.80	25.10	61.30	2.40	50.05	0.00
47.60	41.70	34.30	28.80	25.10	61.20	2.70	49.99	0.00
47.70	41.70	34.30	28.80	25.10	61.30	2.70	49.89	0.00
47.80	41.70	34.20	28.80	25.10	61.50	2.50	49.73	0.00
47.90	41.80	34.10	28.80	25.20	61.80	2.20	49.61	0.00
48.00	41.80	34.10	28.80	25.20	61.60	2.70	49.61	0.00
48.10	41.80	34.30	28.90	25.20	61.60	2.70	49.96	0.00
48.20	41.80	34.30	28.90	25.20	62.10	2.40	50.18	0.00
48.30	41.70	34.40	28.90	25.10	62.60	2.50	50.24	0.00
48.40	41.80	34.30	29.00	25.30	62.60	2.70	50.24	0.00
48.50	41.80	34.30	29.00	25.30	62.70	2.50	50.14	0.00
48.60	42.00	34.30	28.90	25.20	62.70	2.20	49.93	0.00
48.70	42.00	34.30	28.90	25.20	62.30	2.50	49.81	0.00
48.80	41.70	34.40	28.90	25.10	62.90	2.40	49.68	0.00
48.90	41.80	34.30	28.80	25.10	62.90	2.80	49.57	0.00
49.00	41.80	34.30	28.80	25.10	62.90	2.80	49.95	0.00
49.10	41.70	34.40	28.80	25.00	63.20	2.50	50.15	0.00
49.20	41.70	34.20	28.90	25.10	63.50	2.40	50.23	0.00
49.30	41.70	34.20	28.90	25.10	63.80	2.50	50.26	0.00
49.40	41.70	34.30	28.90	25.10	63.80	2.50	50.19	0.00
49.50	41.70	34.30	28.90	25.10	64.00	2.40	49.95	0.00
49.60	41.70	34.30	28.90	25.10	64.30	2.70	49.87	0.00
49.70	41.70	34.30	28.80	25.10	64.40	2.50	49.70	0.00
49.80	41.80	34.30	28.80	25.20	64.10	2.50	49.80	0.00
49.90	41.80	34.30	28.80	25.20	64.10	2.50	50.02	0.00
50.00	41.70	34.30	28.80	25.10	65.00	2.70	50.17	0.00
50.10	41.70	34.30	28.90	25.10	64.60	2.40	50.10	0.00
50.20	41.70	34.30	28.90	25.10	64.90	2.70	50.07	0.00
50.30	41.60	34.30	28.90	25.10	64.90	2.40	50.00	0.00
50.40	41.80	34.30	28.90	25.10	65.00	2.50	49.98	0.00
50.50	41.80	34.30	28.90	25.10	65.30	2.70	49.88	0.00
50.60	41.80	34.40	29.10	25.20	64.70	2.40	49.87	0.00
50.70	41.60	34.30	28.90	25.00	65.30	2.70	49.88	0.00
50.80	41.60	34.30	28.90	25.00	65.60	2.50	49.95	0.00
50.90	41.70	34.30	29.00	25.10	65.60	2.50	49.99	0.00
51.00	41.80	34.30	29.00	25.10	65.50	2.70	49.93	0.00
51.10	41.80	34.30	29.00	25.10	66.40	2.40	49.89	0.00
51.20	41.70	34.40	28.90	25.10	66.30	2.70	49.93	0.00
51.30	41.70	34.30	28.80	25.10	66.40	2.50	49.94	0.00
51.40	41.70	34.30	28.80	25.10	66.30	2.70	49.93	0.00
51.50	41.70	34.40	28.90	25.20	66.70	2.40	49.86	0.00
51.60	41.50	34.20	28.80	25.10	66.90	2.80	49.83	0.00
51.70	41.50	34.20	28.80	25.10	66.90	2.50	49.85	0.00
51.80	41.60	34.30	28.70	25.00	66.90	2.50	49.96	0.00
51.90	41.60	34.30	28.80	25.00	67.00	2.10	49.94	0.00
52.00	41.60	34.30	28.80	25.00	67.00	2.50	49.98	0.00
52.10	41.60	34.20	28.80	25.10	66.90	2.40	49.91	0.00
52.20	41.60	34.30	28.90	25.10	67.50	2.10	49.93	0.00
52.30	41.60	34.30	28.90	25.10	67.60	2.40	50.00	0.00
52.40	41.70	34.30	29.00	25.10	67.60	3.00	49.95	0.00
52.50	41.60	34.30	28.80	25.10	68.10	2.40	49.99	0.00
52.60	41.60	34.30	28.80	25.10	68.10	1.90	49.95	0.00
52.70	41.80	34.30	28.90	25.10	68.00	2.50	49.89	0.00
52.80	41.80	34.30	28.90	25.10	68.40	2.50	49.96	0.00
52.90	41.60	34.20	28.80	25.10	68.40	2.50	49.91	0.00
53.00	41.70	34.30	28.90	25.10	68.60	2.50	49.92	0.00
53.10	41.70	34.30	28.90	25.10	69.50	2.20	49.85	0.00
53.20	41.70	34.30	28.90	25.10	69.00	2.20	49.91	0.00
53.30	41.60	34.30	28.90	25.20	69.00	2.50	49.96	0.00
53.40	41.60	34.30	28.90	25.20	69.20	2.20	49.92	0.00
53.50	41.50	34.30	28.90	25.10	69.50	2.40	49.95	0.00
53.60	41.60	34.30	29.00	25.20	69.30	2.20	50.01	0.00
53.70	41.60	34.30	29.00	25.20	69.30	2.20	49.99	0.00
53.80	41.70	34.30	28.80	25.10	69.60	2.70	49.96	0.00
53.90	41.60	34.20	28.90	25.20	69.80	2.50	49.91	0.00
54.00	41.60	34.20	28.90	25.20	70.00	2.70	49.85	0.00
54.10	41.50	34.20	28.90	25.00	70.10	2.20	49.87	0.00
54.20	41.80	34.30	29.10	25.20	70.70	2.50	49.87	0.00
54.30	41.80	34.30	29.10	25.20	69.80	2.50	49.79	0.00
54.40	41.60	34.30	29.00	25.20	70.70	2.40	49.80	0.00
54.50	41.50	34.30	28.80	25.10	70.40	2.50	49.82	0.00
54.60	41.50	34.30	28.80	25.10	70.40	2.50	49.75	0.00
54.70	41.80	34.20	28.80	25.10	71.20	2.20	49.81	0.00
54.80	41.60	34.30	28.90	25.10	71.20	2.20	49.82	0.00
54.90	41.60	34.30	28.90	25.10	71.00	2.50	49.85	0.00
55.00	41.50	34.20	28.80	25.00	71.30	2.50	49.92	0.00
55.10	41.60	34.30	28.80	25.10	71.20	2.50	49.88	0.00
55.20	41.60	34.30	28.80	25.10	71.60	2.50	49.86	0.00
55.30	41.50	34.20	28.90	25.10	71.60	2.40	49.80	0.00
55.40	41.50	34.10	28.80	25.00	71.80	2.80	42.64	0.00
55.50	41.50	34.10	28.80	25.00	71.80	2.50	43.58	0.00
55.60	41.50	34.20	28.80	25.10	71.80	2.50	16.88	0.00
55.70	41.20	34.30	28.90	25.20	71.80	2.50	9.90	0.00
55.80	41.20	34.30	28.90	25.20	71.50	2.70	7.48	0.00
55.90	41.20	34.10	28.80	24.90	71.00	2.40	5.91	0.00
56.00	41.20	34.10	28.80	24.90	71.50	2.50	4.70	0.00
56.10	41.10	34.30	28.90	25.10	71.20	2.40	3.68	0.00
56.20	41.00	34.20	28.90	25.00	71.60	2.70	2.97	0.00
56.30	41.00	34.20	28.90	25.00	71.60	2.20	2.47	0.00
56.40	41.10	34.30	29.00	25.10	71.30	2.50	2.06	0.00
56.50	41.00	34.20	28.90	25.20	71.30	2.50	1.76	0.00
56.60	41.00	34.20	28.90	25.20	71.20	2.50	1.52	0.00
56.70	40.80	34.30	28.90	25.00	71.20	2.80	1.31	0.00
56.80	40.80	34.30	28.90	25.00	71.30	2.70	1.15	0.00
56.90	40.60	34.20	28.90	25.10	71.20	2.40	1.08	0.00
57.00	40.60	34.20	28.90	25.10	71.20	2.50	1.01	0.00
57.10	40.70	34.20	28.90	25.00	70.90	2.20	0.54	0.00
57.20	40.80	34.20	28.90	25.30	71.00	2.70	0.43	0.00
57.30	40.80	34.20	28.90	25.30	71.60	2.70	0.40	0.00
57.40	40.50	34.30	28.90	25.00	71.20	2.50	0.37	0.00
57.50	40.20	34.30	28.90	25.10	71.20	2.50	0.33	0.00
57.60	40.20	34.30	28.90	25.10	71.30	2.40	0.28	0.00
57.70	40.40	34.30	28.90	25.20	71.30	2.50	0.27	0.00
57.80	40.40	34.30	28.90	25.20	71.50	2.20	0.24	0.00
57.90	40.40	34.30	28.90	25.20	71.20	2.50	0.21	0.00
58.00	40.20	34.30	29.00	25.20	71.00	2.20	0.19	0.00
58.10	40.20	34.20	28.80	25.20	71.30	2.70	0.18	0.00
58.20	40.20	34.20	28.80	25.20	71.00	1.60	0.21	0.00
58.30	40.10	34.20	28.80	25.10	71.00	2.50	0.19	0.00
58.40	40.00	34.20	28.80	25.00	71.00	2.50	0.13	0.00
58.50	40.00	34.20	28.80	25.00	71.00	2.70	0.15	0.00
58.60	40.10	34.10	28.80	25.00	71.30	2.70	0.15	0.00
58.70	40.10	34.10	28.80	25.00	71.60	2.50	0.15	0.00
58.80	40.00	34.20	28.80	25.00	71.30	2.20	0.15	0.00
58.90	40.00	34.20	28.80	25.10	71.20	2.70	0.13	0.00
59.00	40.00	34.20	28.80	25.10	71.00	2.50	0.19	0.00
59.10	40.00	34.10	28.80	25.10	71.20	2.70	0.12	0.00
59.20	40.00	34.10	28.80	25.10	70.90	2.20	0.15	0.00
59.30	39.80	34.20	28.90	25.10	70.90	2.20	0.13	0.00
59.40	39.80	34.00	28.80	25.10	70.90	2.20	0.13	0.00
59.50	39.80	34.00	28.80	25.10	71.00	2.70	0.12	0.00
59.60	39.80	34.30	28.80	25.20	71.50	2.70	0.07	0.00
59.70	39.60	34.20	28.80	25.00	70.70	2.50	0.09	0.00
59.80	39.60	34.20	28.80	25.00	71.20	2.40	0.07	0.00
59.90	39.80	34.30	28.90	25.20	70.90	2.50	0.09	0.00
60.00	39.60	34.20	28.90	25.20	71.30	3.00	0.07	0.00
60.10	39.60	34.20	28.90	25.20	71.30	2.80	0.07	0.00
60.20	39.60	34.30	28.90	25.20	71.00	2.20	0.09	0.00
60.30	39.60	34.20	28.90	25.20	71.00	2.20	0.09	0.00
60.40	39.60	34.20	28.90	25.20	71.30	2.80	0.12	0.00
60.50	39.50	34.20	28.90	25.00	71.20	2.20	0.12	0.00
60.60	39.50	34.20	28.90	25.00	71.20	2.50	0.09	0.00
60.70	39.60	34.20	28.90	25.10	70.90	2.50	0.12	0.00
60.80	39.50	34.30	28.90	25.20	70.90	2.20	0.09	0.00
60.90	39.50	34.30	28.90	25.20	71.20	2.70	0.07	0.00
61.00	39.60	34.20	29.00	25.20	71.20	2.50	0.07	0.00
61.10	39.50	34.10	28.90	25.20	71.20	2.50	0.09	0.00
61.20	39.50	34.10	28.90	25.20	71.00	2.50	0.06	0.00
61.30	39.60	34.20	28.90	25.20	71.00	2.50	0.07	0.00
61.40	39.60	34.20	28.90	25.20	71.00	2.40	0.07	0.00
61.50	39.30	34.00	28.80	25.00	71.00	2.10	0.07	0.00
61.60	39.40	34.30	28.90	25.10	71.20	2.40	0.07	0.00
61.70	39.40	34.30	28.90	25.10	71.20	2.50	0.07	0.00
61.80	39.20	34.20	28.80	25.00	71.20	2.40	0.04	0.00
61.90	39.40	34.20	28.90	25.10	71.00	2.40	0.07	0.00
62.00	39.40	34.20	28.90	25.10	70.70	2.50	0.07	0.00
62.10	39.30	34.30	28.90	25.20	70.70	2.40	0.06	0.00
62.20	39.30	34.30	28.90	25.20	70.70	2.50	0.07	0.00
62.30	39.20	34.30	29.00	25.10	70.70	2.50	0.06	0.00
62.40	39.20	34.30	29.00	25.10	71.20	2.70	0.04	0.00
62.50	39.10	34.40	29.00	25.30	71.20	2.80	0.06	0.00
62.60	39.10	34.10	28.90	25.10	70.60	3.20	0.04	0.00
62.70	39.10	34.10	28.90	25.10	71.50	2.40	0.06	0.00
62.80	39.20	34.20	29.00	25.20	71.20	2.70	0.04	0.00
62.90	39.10	34.30	28.90	25.10	70.90	2.70	0.06	0.00
63.00	39.10	34.30	28.90	25.10	71.00	2.70	0.04	0.00
63.10	39.10	34.10	28.70	24.90	70.90	2.50	0.04	0.00
63.20	39.20	34.30	28.90	25.00	71.00	3.00	0.00	0.00
63.30	39.20	34.30	28.90	25.00	71.00	3.00	0.06	0.00
63.40	38.90	34.10	28.80	24.90	71.00	2.40	0.06	0.00
63.50	38.90	34.10	28.80	24.90	71.20	2.50	0.00	0.00
63.60	39.00	34.20	28.80	25.10	71.30	2.50	0.04	0.00
63.70	39.10	34.40	28.90	25.10	71.30	2.70	0.04	0.00
63.80	39.10	34.40	28.90	25.10	70.90	2.80	0.06	0.00
63.90	39.00	34.20	28.90	25.10	71.00	2.70	0.02	0.00
64.00	39.00	34.40	29.00	25.30	70.60	2.40	0.04	0.00
64.10	39.00	34.40	29.00	25.30	71.00	2.50	0.06	0.00
64.20	39.10	34.30	29.00	25.20	71.00	2.50	0.09	0.00
64.30	39.10	34.30	29.00	25.20	71.00	2.40	0.04	0.00
64.40	38.90	34.10	28.80	25.10	71.20	2.50	0.04	0.00
64.50	38.90	34.20	28.80	25.10	70.90	2.80	0.00	0.00
64.60	38.90	34.20	28.80	25.10	71.20	2.50	0.04	0.00
64.70	39.00	34.30	28.90	25.20	70.90	2.20	0.02	0.00
64.80	38.80	34.20	29.00	25.10	70.90	2.50	0.07	0.00
64.90	38.80	34.20	29.00	25.10	71.00	2.50	0.00	0.00
65.00	38.90	34.20	28.90	25.10	70.90	2.50	0.04	0.00
65.10	38.70	34.10	28.90	25.00	70.90	2.70	0.02	0.00
65.20	38.70	34.10	28.90	25.00	71.50	2.40	0.02	0.00
65.30	39.00	34.30	29.00	25.20	70.70	2.20	0.02	0.00
65.40	38.90	34.30	29.00	25.20	71.30	2.40	0.02	0.00
65.50	38.90	34.30	29.00	25.20	71.20	2.40	0.02	0.00
65.60	38.90	34.20	28.80	25.10	70.90	2.70	0.02	0.00
65.70	38.80	34.20	28.80	25.20	70.70	2.40	0.04	0.00
65.80	38.80	34.20	28.80	25.20	71.20	2.40	0.00	0.00
65.90	38.70	34.30	28.90	25.10	71.00	2.40	0.06	0.00
66.00	38.90	34.40	28.90	25.20	71.20	2.70	0.02	0.00
66.10	38.90	34.40	28.90	25.20	71.00	2.40	0.02	0.00
66.20	38.90	34.30	29.10	25.10	70.90	2.10	0.04	0.00
66.30	38.80	34.20	28.80	25.00	70.90	2.10	0.04	0.00
66.40	38.80	34.20	28.80	25.00	70.60	2.20	0.02	0.00
66.50	38.80	34.30	28.90	25.20	71.20	2.40	0.04	0.00
66.60	38.80	34.30	28.90	25.20	70.60	2.70	0.04	0.00
66.70	38.60	34.30	28.90	25.10	71.00	2.70	0.00	0.00
66.80	38.60	34.10	28.90	25.00	70.90	2.20	0.04	0.00
66.90	38.60	34.10	28.90	25.00	71.00	3.00	0.04	0.00
67.00	38.80	34.30	28.90	25.20	71.00	3.00	0.06	0.00
67.10	38.60	34.30	28.80	25.20	71.00	2.50	0.04	0.00
67.20	38.60	34.30	28.80	25.20	71.00	2.70	0.02	0.00
67.30	38.70	34.20	28.90	25.10	71.30	2.50	0.04	0.00
67.40	38.70	34.20	28.90	25.10	71.20	2.70	0.04	0.00
67.50	38.60	34.30	28.80	25.10	70.90	2.40	0.07	0.00
67.60	38.70	34.20	29.00	25.20	70.90	2.70	0.04	0.00
67.70	38.70	34.20	29.00	25.20	70.90	2.40	0.04	0.00
67.80	38.70	34.30	28.90	25.20	70.70	2.70	0.04	0.00
67.90	38.60	34.30	28.90	25.00	70.70	2.70	0.04	0.00
68.00	38.60	34.30	28.90	25.00	70.40	2.70	0.02	0.00
68.10	38.60	34.30	29.00	25.20	70.70	2.70	0.00	0.00
68.20	38.70	34.30	28.90	25.20	71.00	2.20	0.04	0.00
68.30	38.70	34.30	28.90	25.20	70.90	2.80	0.02	0.00
68.40	38.50	34.10	28.80	25.10	70.70	2.70	0.04	0.00
68.50	38.50	34.40	29.00	25.10	71.00	2.50	0.02	0.00
68.60	38.50	34.40	29.00	25.10	70.70	2.40	0.02	0.00
68.70	38.60	34.20	28.80	25.10	70.70	2.50	0.06	0.00
68.80	38.50	34.20	29.00	25.10	70.70	2.50	0.04	0.00
68.90	38.50	34.20	29.00	25.10	70.70	2.50	0.04	0.00
69.00	38.50	34.20	28.80	25.10	71.00	2.50	0.02	0.00
69.10	38.50	34.20	28.80	25.10	70.70	2.70	0.02	0.00
69.20	38.70	34.30	29.00	25.20	71.30	2.40	0.04	0.00
69.30	38.50	34.20	28.90	25.00	71.20	2.40	-0.02	0.00
69.40	38.50	34.20	28.90	25.00	71.00	2.40	0.06	0.00
69.50	38.50	34.30	28.80	25.20	71.00	2.70	0.04	0.00
69.60	38.50	34.10	28.80	25.00	71.00	2.50	0.06	0.00
69.70	38.50	34.10	28.80	25.00	70.40	2.40	0.04	0.00
69.80	38.50	34.20	29.00	25.20	70.90	2.20	0.04	0.00
69.90	38.50	34.20	28.90	25.20	70.90	2.20	0.07	0.00
70.00	38.50	34.20	28.90	25.20	71.20	2.40	0.02	0.00
70.10	38.40	34.20	28.90	25.10	71.00	2.10	0.02	0.00
70.20	38.50	34.20	28.90	24.90	71.00	2.50	0.04	0.00
70.30	38.50	34.20	28.90	24.90	70.70	2.40	0.00	0.00
70.40	38.30	34.10	28.90	25.10	70.70	2.50	0.04	0.00
70.50	38.60	34.30	29.00	25.20	70.90	2.70	0.02	0.00
70.60	38.60	34.30	29.00	25.20	70.60	2.50	0.04	0.00
70.70	38.50	34.20	28.90	25.20	70.90	2.50	0.04	0.00
70.80	38.60	34.30	29.00	25.20	70.90	2.50	0.04	0.00
70.90	38.60	34.30	29.00	25.20	71.20	2.80	0.00	0.00
71.00	38.40	34.30	29.00	25.20	70.90	2.40	-0.02	0.00
71.10	38.30	34.20	28.90	25.20	70.60	2.40	0.00	0.00
71.20	38.30	34.20	28.90	25.20	70.90	2.40	0.02	0.00
71.30	38.50	34.30	29.10	25.40	71.00	2.40	0.00	0.00
71.40	38.50	34.30	29.10	25.40	71.00	2.40	0.00	0.00
71.50	38.40	34.20	29.00	25.00	70.70	2.20	0.02	0.00
71.60	38.50	34.30	29.00	25.20	71.00	2.50	0.04	0.00
71.70	38.50	34.30	29.00	25.20	71.00	2.50	0.02	0.00
71.80	38.30	34.20	28.90	25.00	70.90	2.50	0.04	0.00
71.90	38.30	34.30	29.10	25.20	70.40	2.50	0.04	0.00
72.00	38.30	34.30	29.10	25.20	71.00	2.50	0.04	0.00
72.10	38.40	34.20	28.90	25.20	70.90	2.40	0.04	0.00
72.20	38.20	34.30	28.90	25.20	71.00	2.40	0.04	0.00
72.30	38.20	34.30	28.90	25.20	71.20	2.50	0.04	0.00
72.40	38.30	34.30	29.00	25.10	70.90	2.40	0.04	0.00
72.50	38.30	34.30	29.00	25.10	70.90	2.40	0.06	0.00
72.60	38.50	34.20	29.00	25.20	70.90	2.40	0.04	0.00
72.70	38.30	34.20	28.90	25.30	70.90	3.00	0.04	0.00
72.80	38.30	34.20	28.90	25.30	71.00	2.70	0.04	0.00
72.90	38.20	34.20	28.90	25.00	70.70	2.50	0.04	0.00
73.00	38.30	34.40	28.90	25.20	71.00	2.20	0.00	0.00
73.10	38.30	34.40	28.90	25.20	70.90	2.20	0.04	0.00
73.20	38.20	34.20	28.80	25.00	70.90	2.50	0.04	0.00
73.30	38.20	34.30	28.90	25.10	70.70	2.40	0.02	0.00
73.40	38.20	34.30	28.90	25.10	70.70	2.40	0.02	0.00
73.50	38.10	34.20	29.00	25.10	70.70	2.50	0.00	0.00
73.60	38.10	34.20	29.00	25.10	71.20	2.50	0.04	0.00
73.70	38.10	34.20	28.90	25.20	71.20	2.50	0.02	0.00
73.80	38.10	34.30	29.00	25.20	70.70	2.50	0.00	0.00
73.90	38.10	34.30	29.00	25.20	70.70	2.40	0.00	0.00
74.00	38.00	34.20	28.90	25.10	71.00	2.80	0.00	0.00
74.10	38.20	34.40	29.00	25.10	70.70	2.50	0.02	0.00
74.20	38.20	34.40	29.00	25.10	70.60	2.20	0.06	0.00
74.30	38.20	34.30	28.90	25.10	70.90	2.50	0.04	0.00
74.40	38.20	34.30	29.00	25.20	70.70	2.80	0.04	0.00
74.50	38.20	34.30	29.00	25.20	70.70	2.40	0.00	0.00
74.60	38.10	34.20	28.80	25.00	71.00	2.40	0.04	0.00
74.70	38.10	34.10	29.00	25.00	71.00	2.40	0.02	0.00
74.80	38.10	34.10	29.00	25.00	71.00	2.40	0.00	0.00
74.90	38.10	34.20	28.80	25.00	70.70	2.80	0.04	0.00
75.00	38.10	34.40	28.90	25.20	71.30	2.70	0.04	0.00
75.10	38.10	34.40	28.90	25.20	70.60	2.50	0.04	0.00
75.20	38.10	34.30	28.90	25.10	70.60	2.40	0.04	0.00
75.30	38.10	34.40	29.00	25.20	71.20	3.30	0.02	0.00
75.40	38.10	34.40	29.00	25.20	70.70	2.20	0.04	0.00
75.50	38.10	34.40	29.00	25.30	70.90	2.70	0.02	0.00
75.60	38.10	34.40	29.00	25.30	70.90	2.70	0.00	0.00
75.70	38.00	34.20	28.90	25.20	70.60	2.10	0.04	0.00
75.80	37.90	34.20	28.80	25.10	70.60	2.10	0.04	0.00
75.90	37.90	34.20	28.80	25.10	70.70	2.50	0.00	0.00
76.00	37.90	34.20	28.80	25.00	70.40	2.50	0.04	0.00
76.10	37.90	34.10	28.80	25.20	70.90	2.10	0.06	0.00
76.20	37.90	34.10	28.80	25.20	70.90	2.50	0.04	0.00
76.30	38.00	34.30	29.10	25.20	70.60	2.50	0.02	0.00
76.40	37.80	34.20	28.70	25.10	70.90	2.50	0.04	0.00
76.50	37.80	34.20	28.70	25.10	70.30	2.40	0.04	0.00
76.60	38.00	34.20	29.00	25.20	70.30	2.40	0.06	0.00
76.70	38.10	34.40	28.90	25.20	71.00	2.20	0.04	0.00
76.80	38.10	34.40	28.90	25.20	70.90	2.70	0.04	0.00
76.90	38.00	34.20	28.90	25.20	71.00	2.70	0.04	0.00
77.00	38.00	34.20	28.90	25.20	71.00	2.70	0.02	0.00
77.10	38.00	34.10	28.90	25.20	70.70	2.70	0.04	0.00
77.20	38.00	34.30	29.00	25.20	70.90	2.20	0.02	0.00
77.30	38.00	34.30	29.00	25.20	70.60	2.50	0.02	0.00
77.40	38.00	34.20	29.00	25.20	70.70	2.70	0.04	0.00
77.50	38.00	34.20	28.90	25.10	70.70	2.70	0.00	0.00
77.60	38.00	34.20	28.90	25.10	70.70	2.20	0.02	0.00
77.70	38.00	34.20	28.90	25.20	70.40	2.40	0.02	0.00
77.80	38.00	34.30	29.00	25.20	71.00	2.70	0.04	0.00
77.90	38.00	34.30	29.00	25.20	70.60	2.50	0.04	0.00
78.00	38.10	34.30	29.00	25.20	70.30	2.70	0.00	0.00
78.10	37.80	34.20	28.90	25.10	71.00	2.40	0.04	0.00
78.20	37.80	34.20	28.90	25.10	71.00	2.20	0.06	0.00
78.30	38.00	34.30	29.00	25.10	70.90	2.40	0.04	0.00
78.40	38.00	34.30	29.00	25.10	70.90	2.40	0.02	0.00
78.50	37.90	34.30	28.90	25.10	70.90	2.20	0.00	0.00
78.60	37.90	34.30	29.00	25.30	70.60	2.20	0.04	0.00
78.70	37.90	34.30	29.00	25.30	70.60	2.50	0.02	0.00
78.80	37.70	34.10	28.80	25.10	70.60	2.40	0.02	0.00
78.90	37.70	34.10	28.80	25.10	71.00	2.50	0.00	0.00
79.00	37.90	34.10	28.90	25.20	70.70	1.60	-0.02	0.00
79.10	37.80	34.20	29.00	25.10	70.70	2.40	0.00	0.00
79.20	37.80	34.20	29.00	25.10	70.70	2.20	0.00	0.00
79.30	37.90	34.20	29.00	25.20	70.70	3.00	0.04	0.00
79.40	37.90	34.30	29.10	25.10	70.70	3.00	0.00	0.00
79.50	37.90	34.30	29.10	25.10	71.60	2.40	0.06	0.00
79.60	37.80	34.30	29.00	25.20	70.70	2.50	0.04	0.00
79.70	37.80	34.30	29.00	25.20	71.00	2.40	0.04	0.00
79.80	37.80	34.20	29.00	25.30	71.30	2.50	0.00	0.00
79.90	37.80	34.20	29.00	25.10	70.60	2.40	0.00	0.00
80.00	37.80	34.20	29.00	25.10	70.90	2.10	0.02	0.00
80.10	37.80	34.20	28.90	25.10	70.90	2.50	0.04	0.00
80.20	37.80	34.20	28.90	25.10	70.70	2.50	0.06	0.00
80.30	37.70	34.20	28.90	25.10	70.90	2.50	0.06	0.00
80.40	37.60	34.20	28.90	25.10	70.90	2.50	0.07	0.00
80.50	37.60	34.20	28.90	25.10	70.60	2.80	0.06	0.00
80.60	38.00	34.30	29.00	25.20	71.20	2.70	0.02	0.00
80.70	37.80	34.10	28.90	25.10	70.40	2.20	0.04	0.00
80.80	37.80	34.10	28.90	25.10	70.70	2.20	0.02	0.00
80.90	37.70	34.20	28.80	25.00	70.70	2.50	0.04	0.00
81.00	37.70	34.20	29.00	25.20	70.90	2.50	0.02	0.00
81.10	37.70	34.20	29.00	25.20	70.70	2.20	0.04	0.00
81.20	37.90	34.20	29.10	25.10	71.00	2.50	0.02	0.00
81.30	37.80	34.20	28.90	25.20	71.00	2.50	0.00	0.00
81.40	37.80	34.20	28.90	25.20	71.00	2.40	0.04	0.00
81.50	37.60	34.00	28.90	25.20	70.70	2.70	0.00	0.00
81.60	37.80	34.20	29.00	25.20	70.90	2.10	0.02	0.00
81.70	37.80	34.20	29.00	25.20	70.70	2.70	0.00	0.00
81.80	37.70	34.10	29.00	25.10	71.00	2.50	0.04	0.00
81.90	37.70	34.10	29.00	25.10	70.60	2.70	0.04	0.00
82.00	37.70	34.10	28.90	25.10	71.00	2.80	0.00	0.00
82.10	37.70	34.10	29.00	25.10	70.70	2.50	0.04	0.00
82.20	37.70	34.10	29.00	25.10	70.70	2.50	0.04	0.00
82.30	37.70	34.30	29.10	25.20	70.70	2.50	0.00	0.00
82.40	37.80	34.00	28.90	25.10	69.50	2.70	0.00	0.00
82.50	37.80	34.00	28.90	25.10	71.60	2.70	0.04	0.00
82.60	37.70	34.20	29.00	25.10	71.00	2.50	0.00	0.00
82.70	37.70	34.20	28.90	25.10	70.40	1.90	0.04	0.00
82.80	37.70	34.20	28.90	25.10	70.90	2.40	0.02	0.00
82.90	37.80	34.20	28.90	25.10	70.90	2.70	0.04	0.00
83.00	37.80	34.20	28.90	25.10	70.90	2.40	0.04	0.00
83.10	37.60	34.10	28.90	25.00	70.70	2.50	0.00	0.00
83.20	37.80	34.10	28.90	25.10	70.70	2.50	0.02	0.00
83.30	37.80	34.10	28.90	25.10	70.70	2.10	0.04	0.00
83.40	37.70	34.10	28.90	25.20	70.90	2.70	0.00	0.00
83.50	37.70	34.20	28.90	25.20	70.70	2.70	0.00	0.00
83.60	37.70	34.20	28.90	25.20	70.60	2.40	0.00	0.00
83.70	37.70	34.20	29.00	25.20	70.90	2.70	0.06	0.00
83.80	37.50	34.10	29.00	25.10	71.00	2.50	0.04	0.00
83.90	37.50	34.10	29.00	25.10	71.20	2.70	0.02	0.00
84.00	37.50	34.10	29.00	25.20	70.70	2.10	0.02	0.00
84.10	37.70	34.20	29.10	25.30	70.70	2.40	0.04	0.00
84.20	37.70	34.20	29.10	25.30	70.70	2.40	0.00	0.00
84.30	37.70	34.20	28.90	25.20	70.60	2.70	0.00	0.00
84.40	37.60	34.10	29.00	25.20	70.90	2.70	0.00	0.00
84.50	37.60	34.10	29.00	25.20	70.60	2.40	0.04	0.00
84.60	37.50	34.10	29.00	25.20	70.70	2.70	0.02	0.00
84.70	37.50	34.10	29.00	25.20	70.30	2.20	0.04	0.00
84.80	37.70	34.00	28.90	25.10	70.60	2.40	0.04	0.00
84.90	37.50	34.00	28.80	25.00	70.90	2.50	0.02	0.00
85.00	37.50	34.10	29.00	25.10	71.00	2.70	0.04	0.00
85.10	37.50	34.10	29.00	25.10	71.00	2.70	0.04	0.00
85.20	37.60	34.10	29.00	25.10	70.70	2.70	0.02	0.00
85.30	37.60	34.10	29.00	25.10	70.70	2.40	0.02	0.00
85.40	37.70	34.10	29.00	25.10	70.70	2.50	0.04	0.00
85.50	37.50	34.00	29.00	25.20	70.70	2.50	0.04	0.00
85.60	37.50	34.00	29.00	25.20	70.40	2.70	0.00	0.00
85.70	37.50	34.10	28.90	25.00	71.00	2.50	0.02	0.00
85.80	37.60	33.90	28.80	25.20	70.70	2.80	0.00	0.00
85.90	37.60	33.90	28.80	25.20	70.70	2.50	0.02	0.00
86.00	37.80	34.00	29.00	25.20	70.70	2.50	0.00	0.00
86.10	37.40	34.00	28.90	25.20	70.70	2.50	-0.02	0.00
86.20	37.40	34.00	28.90	25.20	70.70	2.40	0.00	0.00
86.30	37.50	34.00	28.90	25.10	70.70	2.20	0.00	0.00
86.40	37.50	34.00	28.90	25.10	70.60	2.50	0.00	0.00
86.50	37.60	33.90	29.10	25.10	70.70	2.20	0.04	0.00
86.60	37.40	34.10	28.90	25.10	70.40	2.50	0.02	0.00
86.70	37.40	34.10	28.90	25.10	70.90	2.70	0.00	0.00
86.80	37.50	34.10	28.90	25.00	70.70	2.20	0.02	0.00
86.90	37.60	34.10	29.00	25.20	70.70	2.40	0.00	0.00
87.00	37.60	34.10	29.00	25.20	70.70	2.40	0.04	0.00
87.10	37.40	34.00	28.90	25.10	70.40	2.70	0.00	0.00
87.20	37.40	34.00	28.90	25.10	70.90	2.80	0.00	0.00
87.30	37.40	34.00	29.00	25.00	70.70	2.70	0.02	0.00
87.40	37.40	34.10	29.00	25.10	70.70	2.50	0.04	0.00
87.50	37.40	34.10	29.00	25.10	70.70	2.50	0.04	0.00
87.60	37.60	34.10	28.90	25.10	71.00	2.70	0.00	0.00
87.70	37.40	34.10	28.90	25.10	70.60	2.50	0.00	0.00
87.80	37.40	34.10	28.90	25.10	71.00	2.40	0.02	0.00
87.90	37.50	33.90	28.90	25.20	71.00	2.40	0.00	0.00
88.00	37.50	34.00	28.90	25.20	70.60	2.70	0.02	0.00
88.10	37.50	34.00	28.90	25.20	70.60	2.50	0.00	0.00
88.20	37.40	34.00	28.80	25.10	70.70	2.70	0.02	0.00
88.30	37.60	34.00	28.90	25.10	70.70	2.20	0.06	0.00
88.40	37.60	34.00	28.90	25.10	70.70	2.70	0.02	0.00
88.50	37.40	34.10	29.00	25.20	70.60	2.80	0.04	0.00
88.60	37.60	34.10	29.00	25.10	70.70	1.60	0.00	0.00
88.70	37.60	34.10	29.00	25.10	70.60	2.40	-0.02	0.00
88.80	37.60	34.00	29.00	25.30	70.70	2.80	-0.02	0.00
88.90	37.30	34.00	28.90	25.20	70.70	2.80	0.00	0.00
89.00	37.30	34.00	28.90	25.20	71.00	2.10	0.02	0.00
89.10	37.40	34.00	29.00	25.10	70.70	2.80	-0.02	0.00
89.20	37.30	34.00	29.00	25.00	70.70	2.70	-0.02	0.00
89.30	37.30	34.00	29.00	25.00	70.70	2.50	-0.02	0.00
89.40	37.20	33.90	28.90	25.10	70.60	2.50	0.02	0.00
89.50	37.50	34.00	28.80	25.20	71.00	2.50	0.02	0.00
89.60	37.50	34.00	28.80	25.20	70.70	2.40	0.00	0.00
89.70	37.30	34.00	28.80	25.10	70.60	2.40	0.00	0.00
89.80	37.30	34.00	28.80	25.10	70.90	2.10	-0.02	0.00
89.90	37.50	33.90	28.90	25.20	70.90	2.10	0.00	0.00
90.00	37.50	33.90	28.90	25.20	71.00	2.10	0.00	0.00
90.10	37.50	34.10	29.10	25.30	70.90	2.80	0.00	0.00
90.20	37.40	34.00	28.90	25.10	71.00	2.40	0.04	0.00
90.30	37.40	34.00	28.90	25.10	70.70	2.50	0.02	0.00
90.40	37.40	34.10	29.00	25.10	70.40	2.80	0.04	0.00
90.50	37.30	34.00	29.00	25.20	71.30	2.40	0.04	0.00
90.60	37.30	34.00	29.00	25.20	70.60	2.40	0.02	0.00
90.70	37.40	34.20	29.00	25.40	70.70	2.80	0.02	0.00
90.80	37.40	34.20	29.00	25.40	70.70	2.50	0.00	0.00
90.90	37.40	34.00	29.00	25.20	70.70	2.50	0.00	0.00
91.00	37.40	34.20	29.00	25.20	70.60	2.50	0.04	0.00
91.10	37.40	34.20	29.00	25.20	70.40	2.40	0.00	0.00
91.20	37.50	34.00	28.90	25.10	70.70	1.90	0.02	0.00
91.30	37.30	34.00	28.90	25.30	70.90	3.00	0.00	0.00
91.40	37.30	34.00	28.90	25.30	70.40	2.50	0.00	0.00
91.50	37.40	33.90	29.00	25.20	70.90	2.50	0.04	0.00
91.60	37.30	34.10	29.00	25.20	70.30	2.40	0.00	0.00
91.70	37.30	34.10	29.00	25.20	70.30	2.70	0.02	0.00
91.80	37.30	34.00	28.90	25.20	70.30	2.70	0.00	0.00
91.90	37.30	34.00	28.90	25.20	70.60	2.20	0.04	0.00
92.00	37.30	33.90	28.90	25.10	70.70	2.80	0.02	0.00
92.10	37.30	33.90	28.80	25.00	70.70	2.20	0.00	0.00
92.20	37.30	33.90	28.80	25.00	70.90	2.40	0.02	0.00
92.30	37.20	34.00	28.90	25.20	71.00	2.70	0.00	0.00
92.40	37.20	34.00	28.90	25.20	70.90	2.20	0.02	0.00
92.50	37.30	34.20	29.10	25.30	70.70	2.10	0.02	0.00
92.60	37.30	34.10	29.00	25.20	70.30	2.50	0.02	0.00
92.70	37.30	34.10	29.00	25.20	70.30	2.50	0.04	0.00
92.80	37.30	34.00	29.00	25.20	70.70	2.50	0.02	0.00
92.90	37.30	34.10	29.00	25.10	70.60	2.40	0.02	0.00
93.00	37.30	34.10	29.00	25.20	70.60	2.50	0.02	0.00
93.10	37.30	34.10	29.00	25.20	70.70	2.50	0.00	0.00
93.20	37.20	34.10	29.10	25.10	70.90	2.70	0.02	0.00
93.30	37.20	34.10	29.00	25.20	70.60	2.70	0.04	0.00
93.40	37.20	34.10	29.00	25.20	70.70	2.20	0.02	0.00
93.50	37.30	33.90	29.00	25.10	70.40	2.70	0.00	0.00
93.60	37.30	33.90	29.00	25.10	70.90	2.80	0.00	0.00
93.70	37.20	34.00	28.90	25.20	70.90	2.80	0.04	0.00
93.80	37.20	34.00	28.90	25.20	70.70	2.50	0.02	0.00
93.90	37.20	34.00	28.90	25.20	70.60	2.70	0.04	0.00
94.00	37.20	34.00	29.00	25.10	70.70	2.40	0.04	0.00
94.10	37.10	34.00	28.90	25.10	70.40	2.80	0.04	0.00
94.20	37.10	34.00	28.90	25.10	70.40	2.40	0.04	0.00
94.30	37.10	34.00	28.90	25.00	70.40	2.50	0.06	0.00
94.40	37.30	34.00	29.00	25.10	70.60	2.50	0.04	0.00
94.50	37.30	34.00	29.00	25.10	70.70	2.50	0.02	0.00
94.60	37.10	34.00	29.00	25.10	70.70	2.50	0.04	0.00
94.70	37.10	34.00	29.00	25.10	70.90	1.30	0.04	0.00
94.80	37.00	34.00	28.90	25.10	70.90	2.40	0.02	0.00
94.90	37.20	34.00	28.90	25.10	70.60	2.20	0.04	0.00
95.00	37.20	34.00	28.90	25.10	70.40	2.70	0.02	0.00
95.10	37.00	34.00	28.90	25.10	70.40	2.70	0.04	0.00
95.20	37.20	34.00	29.00	25.20	70.70	2.70	0.00	0.00
95.30	37.20	34.00	29.00	25.20	70.40	2.70	0.00	0.00
95.40	37.30	34.00	28.90	25.20	70.40	2.70	0.00	0.00
95.50	37.30	34.00	28.90	25.20	70.40	2.10	0.02	0.00
95.60	37.20	33.90	28.90	25.10	70.40	2.10	0.04	0.00
95.70	37.20	34.10	29.00	25.20	70.60	2.50	0.02	0.00
95.80	37.20	34.10	29.00	25.20	70.90	2.40	0.04	0.00
95.90	37.10	34.00	28.90	25.20	70.90	2.40	0.00	0.00
96.00	37.10	34.00	29.10	25.20	70.40	2.20	0.02	0.00
96.10	37.10	34.00	29.10	25.20	70.70	2.80	0.02	0.00
96.20	37.30	34.10	29.00	25.20	70.10	2.20	0.06	0.00
96.30	37.10	34.10	29.00	25.10	70.60	2.50	0.02	0.00
96.40	37.10	34.10	29.00	25.10	70.30	2.20	0.04	0.00
96.50	37.20	34.00	29.10	25.20	70.30	2.20	0.00	0.00
96.60	37.20	34.00	29.10	25.20	70.70	2.80	0.04	0.00
96.70	37.30	34.20	29.00	25.30	70.90	2.40	0.04	0.00
96.80	37.10	33.90	29.00	25.10	70.60	2.20	0.02	0.00
96.90	37.10	33.90	29.00	25.10	70.60	2.40	0.04	0.00
97.00	37.00	33.90	28.90	25.20	70.60	2.50	0.02	0.00
97.10	37.00	34.00	28.90	25.00	71.00	2.70	0.04	0.00
97.20	37.00	34.00	28.90	25.00	70.90	2.80	0.00	0.00
97.30	37.10	34.00	28.90	25.10	70.40	2.50	-0.02	0.00
