Ambient Temperature(C): 19.8
Ambient Pressure(in Hg): 29.3
29.3
Time(s)	T1(Deg C)	Wall Temp(Deg C)	Top Plate(Deg C)	Bottom Plate(Deg C)	P1(PSI)	P2(PSI)	Mass Flowrate(g/min)	Heater Energy (kJ)

0.00	32.10	29.80	25.50	22.70	1.20	1.30	0.00	0.00
0.10	32.10	29.90	25.50	22.70	1.20	1.50	0.00	0.00
0.20	32.10	29.90	25.50	22.70	0.90	1.60	0.00	0.00
0.30	32.20	29.80	25.50	22.80	1.20	1.50	0.00	0.00
0.40	32.10	29.80	25.60	22.90	1.20	1.50	0.00	0.00
0.50	32.10	29.80	25.60	22.90	1.00	1.20	0.00	0.00
0.60	32.10	29.80	25.40	22.70	1.00	1.30	0.00	0.00
0.70	32.20	29.80	25.50	22.70	0.10	1.60	0.00	0.00
0.80	32.20	29.80	25.50	22.70	0.70	1.20	0.00	0.00
0.90	32.10	29.70	25.50	22.80	1.30	1.20	0.00	0.00
1.00	32.20	29.80	25.60	22.70	1.30	1.80	0.00	0.00
1.10	32.20	29.80	25.60	22.70	0.90	1.30	0.00	0.00
1.20	32.10	29.80	25.50	22.70	0.90	1.20	0.00	0.00
1.30	32.30	29.80	25.40	22.70	1.00	1.20	0.00	0.00
1.40	32.30	29.80	25.40	22.70	1.20	1.60	0.00	0.00
1.50	32.30	29.90	25.60	22.90	0.90	1.50	0.00	0.00
1.60	32.30	29.80	25.50	22.70	1.20	1.50	0.00	0.00
1.70	32.30	29.80	25.50	22.70	0.90	1.50	0.00	0.00
1.80	32.20	29.80	25.60	22.60	1.20	1.30	0.00	0.00
1.90	32.20	29.80	25.50	22.80	1.20	1.30	0.00	0.00
2.00	32.20	29.80	25.50	22.80	1.20	1.30	0.00	0.00
2.10	32.20	29.80	25.60	22.80	1.20	1.30	0.00	0.00
2.20	32.10	29.80	25.40	22.80	1.00	1.30	0.00	0.00
2.30	32.10	29.80	25.40	22.80	0.90	1.60	0.00	0.00
2.40	32.10	29.80	25.50	22.80	0.70	1.30	0.00	0.00
2.50	32.10	29.80	25.50	22.80	0.90	2.10	0.00	0.00
2.60	32.20	29.80	25.50	22.70	1.30	1.30	0.00	0.00
2.70	32.10	29.80	25.50	22.80	1.20	1.60	0.00	0.00
2.80	32.10	29.80	25.50	22.80	1.20	1.60	0.00	0.00
2.90	32.30	29.80	25.60	22.80	1.20	1.50	0.00	0.00
3.00	32.30	29.80	25.50	22.80	1.20	1.60	0.00	0.00
3.10	32.30	29.80	25.50	22.80	1.20	1.60	0.00	0.00
3.20	32.20	29.80	25.40	22.80	1.50	1.00	0.00	0.00
3.30	32.30	29.80	25.60	22.80	1.50	1.20	0.00	0.00
3.40	32.30	29.80	25.60	22.80	1.50	1.20	0.00	0.00
3.50	32.30	29.80	25.50	22.80	1.30	1.30	0.00	0.00
3.60	32.20	29.70	25.60	22.80	1.30	1.80	0.00	0.00
3.70	32.20	29.70	25.60	22.80	1.30	1.80	0.00	0.00
3.80	32.10	29.80	25.40	22.70	0.40	1.50	0.00	0.00
3.90	32.10	29.80	25.40	22.70	1.00	1.60	0.00	0.00
4.00	32.20	29.80	25.60	22.80	1.30	1.50	0.00	0.00
4.10	32.40	29.90	25.60	22.90	1.20	1.50	0.00	0.00
4.20	32.40	29.90	25.60	22.90	1.80	1.30	0.00	0.00
4.30	32.10	29.80	25.50	22.60	1.00	1.80	0.00	0.00
4.40	32.10	29.80	25.50	22.60	1.00	1.80	0.00	0.00
4.50	32.20	29.80	25.50	22.70	1.00	1.80	0.00	0.00
4.60	32.30	29.80	25.40	22.80	1.00	1.50	0.00	0.00
4.70	32.30	29.80	25.40	22.80	1.00	1.50	0.00	0.00
4.80	32.30	29.80	25.50	22.70	1.30	1.50	0.00	0.00
4.90	32.40	29.80	25.50	23.00	1.50	1.20	0.00	0.00
5.00	32.40	29.80	25.50	23.00	1.00	1.50	0.00	0.00
5.10	31.90	29.60	25.40	22.70	1.00	1.50	0.00	0.00
5.20	31.90	29.60	25.40	22.70	1.20	1.60	0.00	0.00
5.30	32.30	29.80	25.60	22.90	1.20	1.50	0.00	0.00
5.40	32.30	29.70	25.60	22.80	1.00	1.60	0.00	0.00
5.50	32.30	29.70	25.60	22.80	1.20	1.20	0.00	0.00
5.60	32.30	29.90	25.70	22.80	1.20	1.20	0.00	0.00
5.70	32.20	29.80	25.50	22.80	1.20	1.90	0.00	0.00
5.80	32.20	29.80	25.50	22.80	1.30	1.60	0.00	0.00
5.90	32.20	29.70	25.50	22.70	1.30	1.30	0.00	0.00
6.00	32.40	29.80	25.70	22.70	1.00	1.50	0.00	0.00
6.10	32.40	29.80	25.70	22.70	1.50	1.60	0.00	0.00
6.20	32.20	29.60	25.40	22.60	1.20	1.20	0.00	0.00
6.30	32.20	29.60	25.40	22.60	1.50	1.20	0.00	0.00
6.40	32.20	29.80	25.50	22.70	1.30	1.90	0.00	0.00
6.50	32.40	29.80	25.50	22.80	1.20	1.30	0.00	0.00
6.60	32.40	29.80	25.50	22.80	1.20	1.30	0.00	0.00
6.70	32.20	29.70	25.50	22.80	1.00	0.40	0.00	0.00
6.80	32.30	29.80	25.50	22.70	1.50	1.60	0.00	0.00
6.90	32.30	29.80	25.50	22.70	1.00	1.90	0.00	0.00
7.00	32.20	29.60	25.50	22.60	0.70	1.50	0.00	0.00
7.10	32.20	29.60	25.50	22.60	1.30	1.30	0.00	0.00
7.20	32.30	29.70	25.50	22.80	1.00	1.30	0.00	0.00
7.30	32.30	29.80	25.50	22.80	0.90	1.60	0.00	0.00
7.40	32.30	29.80	25.50	22.80	1.00	1.20	0.00	0.00
7.50	32.20	29.80	25.50	22.70	1.20	1.80	0.00	0.00
7.60	32.10	29.80	25.50	22.60	1.20	1.80	0.00	0.00
7.70	32.10	29.80	25.50	22.60	1.30	1.30	0.00	0.00
7.80	32.10	29.70	25.50	22.80	1.20	1.50	0.00	0.00
7.90	32.10	29.70	25.50	22.80	0.70	1.30	0.00	0.00
8.00	32.20	29.70	25.40	22.70	0.90	1.80	0.00	0.00
8.10	32.10	29.70	25.50	22.70	1.50	1.80	0.00	0.00
8.20	32.10	29.70	25.50	22.70	1.30	1.60	0.00	0.00
8.30	32.30	29.70	25.40	22.70	1.50	1.50	0.00	0.00
8.40	32.30	29.80	25.50	22.90	0.90	2.10	0.00	0.00
8.50	32.30	29.80	25.50	22.90	1.20	1.20	0.00	0.00
8.60	32.30	29.70	25.50	22.70	1.20	1.20	0.00	0.00
8.70	32.30	29.80	25.50	22.80	1.00	1.80	0.00	0.00
8.80	32.30	29.80	25.50	22.80	0.90	1.50	0.00	0.00
8.90	32.30	29.80	25.60	22.80	1.00	1.50	0.00	0.00
9.00	32.30	29.80	25.60	22.80	1.00	1.60	0.00	0.00
9.10	32.30	29.70	25.60	22.80	1.30	1.80	0.00	0.00
9.20	32.30	29.70	25.50	22.70	1.50	1.30	0.00	0.00
9.30	32.30	29.70	25.50	22.70	1.30	1.50	0.00	0.00
9.40	32.40	29.70	25.70	22.90	1.20	1.60	0.00	0.00
9.50	32.40	29.90	25.60	22.90	1.20	1.60	0.00	0.00
9.60	32.40	29.90	25.60	22.90	1.00	1.50	0.00	0.00
9.70	32.20	29.80	25.60	22.80	1.30	1.50	0.00	0.00
9.80	32.40	29.70	25.50	22.80	1.20	1.00	0.00	0.00
9.90	32.40	29.70	25.50	22.80	0.60	1.50	0.00	0.00
10.00	32.20	29.70	25.50	22.70	1.20	1.50	0.00	0.00
10.10	32.20	29.70	25.50	22.70	1.20	1.80	0.00	0.00
10.20	32.20	29.70	25.50	22.70	1.00	1.50	0.00	0.00
10.30	32.20	29.80	25.40	22.70	1.00	1.50	0.00	0.00
10.40	32.20	29.80	25.40	22.70	1.00	1.50	0.00	0.00
10.50	32.30	29.80	25.50	22.70	1.30	1.00	0.00	0.00
10.60	32.20	29.60	25.40	22.70	1.00	1.50	0.00	0.00
10.70	32.20	29.60	25.40	22.70	1.00	1.30	0.00	0.00
10.80	32.30	29.70	25.50	22.80	0.90	1.50	0.00	0.00
10.90	32.40	29.80	25.70	22.80	1.00	1.60	0.00	0.00
11.00	32.40	29.80	25.70	22.80	1.20	1.50	0.00	0.00
11.10	32.40	29.70	25.50	22.80	1.20	1.90	0.00	0.00
11.20	32.20	29.80	25.60	22.90	1.20	1.50	0.00	0.00
11.30	32.20	29.80	25.60	22.90	1.20	1.60	0.00	0.00
11.40	32.20	29.70	25.30	22.70	1.20	1.60	0.00	0.00
11.50	32.30	29.80	25.60	22.70	0.70	1.30	0.00	0.00
11.60	32.30	29.80	25.60	22.70	0.70	1.50	0.00	0.00
11.70	32.30	29.60	25.40	22.70	1.30	1.30	0.00	0.00
11.80	32.30	29.60	25.40	22.70	1.20	1.60	0.00	0.00
11.90	32.40	29.70	25.60	22.80	1.50	1.60	0.00	0.00
12.00	32.40	29.60	25.50	22.70	1.20	1.50	0.00	0.00
12.10	32.40	29.60	25.50	22.70	1.00	1.60	0.00	0.00
12.20	32.50	29.70	25.50	22.60	0.70	1.30	0.00	0.00
12.30	32.30	29.90	25.60	22.70	0.70	1.30	0.00	0.00
12.40	32.30	29.90	25.60	22.70	1.50	1.80	0.00	0.00
12.50	32.40	29.70	25.60	22.80	1.00	1.30	0.00	0.00
12.60	32.20	29.60	25.40	22.70	1.50	1.60	0.00	0.00
12.70	32.20	29.60	25.40	22.70	1.20	1.20	0.00	0.00
12.80	32.20	29.70	25.50	22.70	1.20	1.80	0.00	0.00
12.90	32.30	29.80	25.60	22.80	1.00	1.30	0.00	0.00
13.00	32.30	29.80	25.60	22.80	0.70	1.50	0.00	0.00
13.10	32.20	29.70	25.40	22.60	1.30	1.30	0.00	0.00
13.20	32.40	29.80	25.50	22.80	1.30	1.30	0.00	0.00
13.30	32.40	29.80	25.50	22.80	0.90	1.20	0.00	0.00
13.40	32.30	29.80	25.60	22.70	0.90	1.80	0.00	0.00
13.50	32.30	29.80	25.60	22.70	1.90	1.50	0.00	0.00
13.60	32.40	29.80	25.50	22.90	1.20	1.60	0.00	0.00
13.70	32.50	29.80	25.50	22.80	1.00	1.50	0.00	0.00
13.80	32.50	29.80	25.50	22.80	1.30	1.00	0.00	0.00
13.90	32.30	29.80	25.50	22.60	1.20	1.60	0.00	0.00
14.00	32.30	29.80	25.60	22.70	1.00	1.20	0.00	0.00
14.10	32.30	29.80	25.60	22.70	1.20	1.60	0.00	0.00
14.20	32.30	29.70	25.60	22.80	1.20	1.60	0.00	0.00
14.30	30.80	29.60	25.50	22.70	1.50	1.80	0.00	0.00
14.40	30.80	29.60	25.50	22.70	2.10	1.60	0.00	0.00
14.50	32.10	29.80	25.60	22.80	2.10	2.10	0.00	0.00
14.60	32.40	29.90	25.60	23.00	2.30	1.90	0.00	0.00
14.70	32.40	29.90	25.60	23.00	1.90	1.80	0.00	0.00
14.80	32.20	29.70	25.50	22.70	2.40	1.80	0.00	0.00
14.90	32.30	29.70	25.50	22.70	1.80	1.90	0.00	0.00
15.00	32.30	29.70	25.50	22.70	1.90	1.60	0.00	0.00
15.10	32.50	29.90	25.60	22.90	1.90	1.60	0.00	0.00
15.20	32.40	29.60	25.50	22.80	2.30	1.80	0.00	0.00
15.30	32.40	29.60	25.50	22.80	2.10	1.90	0.00	0.00
15.40	32.50	29.80	25.50	22.80	1.90	1.80	0.00	0.00
15.50	32.50	29.80	25.50	22.80	1.90	1.90	0.00	0.00
15.60	32.30	29.70	25.30	22.60	2.40	1.80	0.00	0.00
15.70	32.50	29.80	25.60	22.90	1.90	1.80	0.00	0.00
15.80	32.50	29.80	25.60	22.90	2.30	2.10	0.00	0.00
15.90	32.30	29.70	25.40	22.60	2.10	1.60	0.00	0.00
16.00	32.10	29.80	25.40	22.70	2.10	1.60	0.00	0.00
16.10	32.10	29.80	25.40	22.70	3.80	2.10	0.00	0.00
16.20	32.80	29.80	25.60	22.80	3.80	2.20	0.00	0.00
16.30	32.80	29.80	25.60	22.80	3.90	2.10	0.00	0.00
16.40	32.90	29.80	25.50	22.70	3.80	1.50	0.00	0.00
16.50	33.20	29.70	25.50	22.70	3.60	1.60	0.00	0.00
16.60	33.20	29.70	25.50	22.70	3.50	2.10	0.00	0.00
16.70	33.10	29.80	25.50	22.70	4.30	2.10	0.00	0.00
16.80	33.10	29.80	25.50	22.70	3.50	2.50	0.00	0.00
16.90	33.00	29.70	25.40	22.60	3.50	2.50	0.00	0.00
17.00	33.10	29.90	25.50	22.80	3.50	1.90	0.00	0.00
17.10	33.10	29.90	25.50	22.80	3.90	1.80	0.00	0.00
17.20	33.00	29.80	25.50	22.70	3.80	1.60	0.00	0.00
17.30	33.30	29.90	25.60	22.90	3.50	1.80	0.00	0.00
17.40	33.30	29.90	25.60	22.90	3.60	1.80	0.00	0.00
17.50	33.20	29.80	25.60	22.90	3.30	1.90	0.00	0.00
17.60	32.90	29.70	25.40	22.80	3.80	2.10	0.00	0.00
17.70	32.90	29.70	25.40	22.80	3.20	1.60	0.00	0.00
17.80	33.00	29.60	25.40	22.70	3.20	1.60	0.00	0.00
17.90	33.00	29.60	25.40	22.70	3.50	1.60	0.00	0.00
18.00	32.90	29.70	25.50	22.70	3.80	1.80	0.00	0.00
18.10	33.10	29.90	25.70	23.00	3.60	1.50	0.00	0.00
18.20	33.10	29.90	25.70	23.00	3.60	1.90	0.00	0.00
18.30	32.80	29.70	25.50	22.70	3.80	1.80	0.00	0.00
18.40	32.90	29.80	25.50	22.70	3.90	1.80	0.00	0.00
18.50	32.90	29.80	25.50	22.70	3.30	2.10	0.00	0.00
18.60	33.00	29.80	25.50	22.80	3.50	1.80	0.00	0.00
18.70	32.90	29.90	25.50	22.80	3.60	1.80	0.00	0.00
18.80	32.90	29.90	25.50	22.80	3.60	1.80	0.00	0.00
18.90	32.80	29.60	25.50	22.80	3.50	1.90	0.00	0.00
19.00	32.80	29.60	25.50	22.80	3.90	1.80	0.00	0.00
19.10	32.70	29.80	25.50	22.80	3.50	1.90	0.00	0.00
19.20	32.80	29.70	25.60	22.80	3.80	1.80	0.00	0.00
19.30	32.80	29.70	25.60	22.80	3.50	1.60	0.00	0.00
19.40	32.60	29.90	25.50	22.80	3.60	1.80	0.00	0.00
19.50	32.70	29.90	25.60	22.80	3.00	1.90	0.00	0.00
19.60	32.70	29.90	25.60	22.80	3.90	1.80	0.00	0.00
19.70	32.70	29.80	25.50	22.70	3.60	1.60	19.29	0.00
19.80	32.70	29.90	25.50	22.70	3.60	1.60	45.83	0.00
19.90	32.70	29.90	25.50	22.70	4.10	1.50	42.72	0.00
20.00	32.60	29.80	25.50	22.80	4.10	1.80	27.78	0.00
20.10	32.80	29.80	25.50	22.70	4.30	1.60	38.75	0.00
20.20	32.80	29.80	25.50	22.70	4.40	1.80	37.27	0.00
20.30	33.10	29.60	25.50	22.90	4.70	1.80	42.00	0.00
20.40	33.10	29.60	25.50	22.90	4.30	1.80	45.89	0.00
20.50	33.20	29.90	25.50	22.70	4.90	1.90	48.21	0.00
20.60	33.50	29.90	25.70	22.80	4.70	1.80	49.29	0.00
20.70	33.50	29.90	25.70	22.80	4.70	1.90	49.76	0.00
20.80	33.30	29.70	25.50	22.70	4.70	1.90	50.20	0.00
20.90	33.50	29.90	25.50	22.80	5.50	1.60	50.17	0.00
21.00	33.50	29.90	25.50	22.80	5.60	1.80	50.04	0.00
21.10	33.90	29.80	25.50	22.80	6.10	2.20	49.92	0.00
21.20	33.90	29.80	25.50	22.80	5.90	1.90	49.76	0.00
21.30	34.10	29.80	25.50	22.80	5.90	1.80	49.66	0.00
21.40	34.20	29.70	25.40	22.70	5.60	1.90	49.53	0.00
21.50	34.20	29.70	25.40	22.70	6.40	1.90	49.47	0.00
21.60	34.00	29.80	25.40	22.70	6.10	1.30	49.34	0.00
21.70	34.40	29.60	25.40	22.70	6.10	1.30	49.25	0.00
21.80	34.50	29.70	25.40	22.70	6.60	1.90	49.17	0.00
21.90	34.50	29.70	25.40	22.70	6.60	1.60	49.06	0.00
22.00	34.60	29.80	25.50	22.80	7.00	2.10	48.97	0.00
22.10	34.50	29.80	25.50	22.70	6.70	1.80	48.92	0.00
22.20	34.50	29.80	25.50	22.70	7.30	1.60	48.80	0.00
22.30	34.60	29.60	25.40	22.60	7.20	1.90	48.73	0.00
22.40	34.60	29.60	25.40	22.60	7.90	1.90	48.66	0.00
22.50	34.70	29.90	25.80	22.90	7.90	1.80	48.58	0.00
22.60	34.80	29.80	25.70	22.80	7.90	1.80	48.48	0.00
22.70	34.80	29.80	25.70	22.80	7.60	1.80	48.38	0.00
22.80	34.90	29.80	25.50	22.80	7.90	2.10	48.30	0.00
22.90	34.90	29.80	25.70	22.80	8.10	1.90	48.25	0.00
23.00	34.90	29.80	25.70	22.80	8.30	2.10	48.19	0.00
23.10	35.00	29.80	25.50	22.70	8.30	1.80	48.11	0.00
23.20	35.00	29.80	25.50	22.90	8.60	2.10	48.11	0.00
23.30	35.00	29.80	25.50	22.90	8.90	1.80	48.08	0.00
23.40	35.20	29.80	25.50	22.60	8.70	2.10	48.31	0.00
23.50	35.00	29.70	25.50	22.60	8.70	2.10	48.80	0.00
23.60	35.00	29.70	25.50	22.60	8.70	1.80	49.06	0.00
23.70	35.20	29.80	25.60	22.80	9.50	1.90	49.38	0.00
23.80	35.20	29.80	25.60	22.80	9.80	1.50	49.49	0.00
23.90	35.30	29.70	25.50	22.70	9.50	1.60	49.50	0.00
24.00	35.60	29.80	25.50	22.80	9.60	1.60	49.57	0.00
24.10	35.60	29.80	25.50	22.80	9.80	1.60	49.56	0.00
24.20	35.50	29.80	25.50	22.90	9.90	1.80	49.51	0.00
24.30	35.60	29.70	25.40	22.70	10.10	1.50	49.44	0.00
24.40	35.60	29.70	25.40	22.70	10.10	1.30	49.47	0.00
24.50	35.20	29.70	25.50	22.80	10.10	1.30	49.51	0.00
24.60	35.20	29.70	25.50	22.80	10.40	1.80	49.47	0.00
24.70	35.50	29.80	25.60	22.90	10.60	1.90	49.43	0.00
24.80	35.40	29.60	25.50	22.70	10.60	1.60	49.44	0.00
24.90	35.40	29.60	25.50	22.70	10.70	1.60	49.43	0.00
25.00	35.70	29.70	25.50	22.90	11.20	1.60	49.43	0.00
25.10	35.50	29.60	25.30	22.80	10.70	1.60	49.44	0.00
25.20	35.50	29.60	25.30	22.80	10.90	2.10	49.40	0.00
25.30	35.70	29.70	25.70	22.80	11.00	1.50	49.37	0.00
25.40	35.70	29.70	25.70	22.80	11.00	1.50	49.36	0.00
25.50	35.60	29.80	25.50	22.60	11.50	2.10	49.38	0.00
25.60	35.60	29.70	25.50	22.60	11.50	1.60	49.37	0.00
25.70	35.60	29.70	25.50	22.60	12.10	1.90	49.35	0.00
25.80	35.80	29.70	25.50	22.70	11.80	1.80	49.34	0.00
25.90	35.80	29.80	25.50	22.80	11.80	2.10	49.35	0.00
26.00	35.80	29.80	25.50	22.80	12.30	1.90	49.31	0.00
26.10	35.80	29.70	25.40	22.70	11.90	1.90	49.30	0.00
26.20	35.90	29.60	25.60	22.70	12.60	1.60	49.25	0.00
26.30	35.90	29.60	25.60	22.70	12.60	1.60	49.22	0.00
26.40	35.90	29.70	25.50	22.70	12.90	1.90	49.21	0.00
26.50	35.80	29.80	25.50	22.70	13.20	1.60	49.20	0.00
26.60	35.80	29.80	25.50	22.70	13.30	1.60	49.20	0.00
26.70	36.00	29.70	25.50	22.80	13.20	1.60	49.20	0.00
26.80	35.80	29.70	25.50	22.80	13.50	1.30	49.17	0.00
26.90	35.80	29.70	25.50	22.80	13.00	1.80	49.18	0.00
27.00	35.80	29.70	25.50	22.70	13.00	1.80	49.16	0.00
27.10	36.00	29.70	25.50	22.70	14.40	1.60	49.15	0.00
27.20	36.00	29.70	25.50	22.70	14.40	1.60	49.16	0.00
27.30	35.90	29.60	25.50	22.60	13.60	1.60	49.20	0.00
27.40	36.00	29.50	25.50	22.80	14.40	1.90	49.15	0.00
27.50	36.00	29.50	25.50	22.80	14.60	1.80	49.12	0.00
27.60	35.90	29.60	25.50	22.80	14.40	1.90	49.14	0.00
27.70	36.10	29.70	25.50	22.90	14.90	1.60	49.11	0.00
27.80	36.10	29.70	25.50	22.90	15.20	1.80	49.08	0.00
27.90	36.20	29.70	25.50	22.80	14.70	1.60	49.10	0.00
28.00	36.20	29.70	25.50	22.70	14.60	1.60	49.12	0.00
28.10	36.20	29.70	25.50	22.70	14.60	1.60	50.04	0.00
28.20	36.20	29.70	25.40	22.60	15.50	1.90	50.07	0.00
28.30	36.20	29.70	25.40	22.60	14.90	1.60	50.11	0.00
28.40	36.10	29.70	25.50	22.60	15.50	2.10	50.13	0.00
28.50	36.10	29.70	25.50	22.60	15.80	1.80	50.11	0.00
28.60	36.40	29.70	25.50	22.70	15.30	2.10	50.10	0.00
28.70	36.50	29.80	25.70	22.80	15.90	2.20	50.10	0.00
28.80	36.50	29.80	25.70	22.80	16.60	1.80	50.08	0.00
28.90	36.20	29.70	25.40	22.70	16.30	1.80	50.06	0.00
29.00	36.30	29.70	25.50	22.70	16.60	2.10	50.05	0.00
29.10	36.30	29.70	25.50	22.70	16.60	2.10	50.04	0.00
29.20	36.20	29.80	25.60	22.80	16.90	1.80	50.01	0.00
29.30	36.40	29.70	25.60	22.80	16.60	1.90	50.02	0.00
29.40	36.40	29.70	25.60	22.80	16.90	1.80	50.00	0.00
29.50	36.40	29.80	25.60	22.70	17.20	1.50	49.98	0.00
29.60	36.50	29.70	25.40	22.80	17.00	1.80	49.95	0.00
29.70	36.50	29.70	25.40	22.80	17.20	2.10	49.93	0.00
29.80	36.30	29.60	25.60	22.70	17.50	1.60	49.95	0.00
29.90	36.30	29.60	25.60	22.70	17.80	1.80	49.95	0.00
30.00	36.50	29.60	25.50	22.70	17.80	1.80	49.89	0.00
30.10	36.40	29.60	25.60	22.70	17.50	1.80	49.87	0.00
30.20	36.40	29.60	25.60	22.70	17.90	1.80	49.88	0.00
30.30	36.50	29.70	25.50	22.80	18.40	2.10	49.89	0.00
30.40	36.60	29.70	25.60	22.80	18.30	1.60	49.82	0.00
30.50	36.60	29.70	25.60	22.80	18.40	2.20	49.80	0.00
30.60	36.50	29.70	25.60	22.80	18.60	1.90	49.83	0.00
30.70	36.50	29.80	25.60	22.80	18.70	1.90	49.80	0.00
30.80	36.50	29.80	25.60	22.80	18.70	1.90	49.81	0.00
30.90	36.30	29.60	25.60	22.70	18.70	1.90	49.75	0.00
31.00	36.30	29.70	25.60	22.70	19.00	1.90	49.76	0.00
31.10	36.30	29.70	25.60	22.70	19.00	1.60	49.76	0.00
31.20	36.40	29.60	25.40	22.70	19.20	1.90	50.12	0.00
31.30	36.40	29.60	25.40	22.70	19.00	1.80	50.92	0.00
31.40	36.60	29.70	25.50	22.70	19.60	1.50	51.05	0.00
31.50	36.70	29.70	25.60	22.90	19.60	1.90	51.04	0.00
31.60	36.70	29.70	25.60	22.90	20.30	1.60	50.99	0.00
31.70	36.60	29.50	25.40	22.70	19.80	1.90	50.98	0.00
31.80	36.50	29.60	25.40	22.70	19.60	1.60	50.96	0.00
31.90	36.50	29.60	25.40	22.70	19.60	1.60	50.97	0.00
32.00	36.40	29.60	25.50	22.70	20.30	1.90	50.92	0.00
32.10	36.40	29.60	25.50	22.70	20.90	1.90	50.91	0.00
32.20	36.60	29.70	25.60	22.80	20.70	1.60	50.88	0.00
32.30	36.50	29.60	25.40	22.70	21.00	1.50	50.84	0.00
32.40	36.50	29.60	25.40	22.70	20.90	1.90	50.83	0.00
32.50	36.70	29.60	25.50	22.90	21.00	1.60	50.77	0.00
32.60	36.60	29.60	25.40	22.70	21.20	1.60	50.73	0.00
32.70	36.60	29.60	25.40	22.70	21.60	2.20	50.72	0.00
32.80	36.60	29.50	25.40	22.60	21.60	2.20	50.54	0.00
32.90	36.70	29.60	25.60	22.70	21.50	1.80	50.11	0.00
33.00	36.70	29.60	25.60	22.70	22.30	1.80	49.75	0.00
33.10	36.70	29.60	25.40	22.70	21.90	1.80	49.61	0.00
33.20	36.80	29.60	25.60	22.70	22.10	1.80	49.60	0.00
33.30	36.80	29.60	25.60	22.70	22.30	1.90	49.59	0.00
33.40	36.70	29.60	25.40	22.70	22.60	1.60	49.55	0.00
33.50	36.80	29.50	25.50	22.70	22.30	1.90	49.59	0.00
33.60	36.80	29.50	25.50	22.70	22.90	1.60	49.55	0.00
33.70	36.80	29.60	25.50	22.70	23.00	1.80	49.51	0.00
33.80	36.70	29.60	25.50	22.80	23.00	1.80	49.50	0.00
33.90	36.70	29.60	25.50	22.80	22.90	1.30	49.50	0.00
34.00	36.50	29.60	25.50	22.60	23.20	1.50	49.47	0.00
34.10	36.70	29.60	25.40	22.70	23.20	1.50	49.44	0.00
34.20	36.70	29.60	25.40	22.70	23.90	1.80	49.42	0.00
34.30	36.80	29.60	25.60	22.90	23.50	1.60	49.38	0.00
34.40	36.80	29.60	25.60	22.90	23.80	1.80	49.36	0.00
34.50	36.80	29.50	25.40	22.70	24.10	1.30	49.33	0.00
34.60	36.90	29.60	25.60	22.80	23.80	1.80	49.34	0.00
34.70	36.90	29.60	25.60	22.80	23.80	1.80	49.28	0.00
34.80	36.70	29.50	25.50	22.70	24.40	1.80	49.27	0.00
34.90	36.60	29.70	25.50	22.80	24.10	1.60	49.24	0.00
35.00	36.60	29.70	25.50	22.80	24.40	2.10	49.25	0.00
35.10	36.70	29.70	25.60	22.70	25.00	1.60	49.25	0.00
35.20	36.70	29.60	25.60	22.80	24.90	1.80	49.23	0.00
35.30	36.70	29.60	25.60	22.80	25.20	2.10	49.70	0.00
35.40	36.70	29.50	25.40	22.70	25.00	2.20	50.20	0.00
35.50	36.80	29.60	25.60	22.80	25.00	1.50	50.56	0.00
35.60	36.80	29.60	25.60	22.80	25.00	1.50	50.58	0.00
35.70	36.90	29.60	25.60	22.80	25.60	1.90	50.56	0.00
35.80	36.90	29.60	25.70	22.80	25.80	1.80	50.52	0.00
35.90	36.90	29.60	25.70	22.80	25.60	1.80	50.52	0.00
36.00	36.70	29.70	25.60	22.80	26.10	1.50	50.53	0.00
36.10	36.70	29.70	25.60	22.80	26.10	1.90	50.47	0.00
36.20	36.90	29.70	25.60	22.80	25.80	1.90	50.41	0.00
36.30	36.80	29.60	25.50	22.70	26.70	1.60	50.41	0.00
36.40	36.70	29.60	25.50	22.70	26.60	1.50	50.36	0.00
36.50	36.70	29.60	25.50	22.70	26.60	1.50	50.30	0.00
36.60	36.80	29.50	25.60	22.70	26.60	1.50	50.30	0.00
36.70	36.90	29.60	25.40	22.80	26.60	2.10	50.30	0.00
36.80	36.90	29.60	25.40	22.80	27.20	1.80	50.31	0.00
36.90	36.80	29.60	25.50	22.90	27.20	1.90	50.20	0.00
37.00	36.80	29.60	25.50	22.90	27.20	1.60	50.15	0.00
37.10	36.90	29.70	25.60	22.80	27.00	1.60	50.15	0.00
37.20	36.90	29.60	25.70	22.80	27.80	1.60	50.13	0.00
37.30	36.90	29.60	25.70	22.80	27.90	2.10	50.11	0.00
37.40	36.90	29.60	25.50	22.80	27.90	2.10	50.08	0.00
37.50	37.00	29.60	25.70	22.80	28.30	1.90	50.04	0.00
37.60	37.00	29.60	25.70	22.80	28.10	2.20	50.05	0.00
37.70	36.80	29.50	25.50	22.70	28.10	1.90	50.02	0.00
37.80	36.80	29.60	25.50	22.80	28.30	1.20	49.96	0.00
37.90	36.80	29.60	25.50	22.80	28.10	1.90	49.94	0.00
38.00	36.90	29.60	25.60	22.80	28.40	1.80	49.93	0.00
38.10	37.00	29.60	25.50	22.80	28.70	1.90	49.95	0.00
38.20	37.00	29.60	25.50	22.80	28.90	1.90	49.91	0.00
38.30	37.00	29.70	25.60	22.80	29.20	2.10	49.89	0.00
38.40	37.00	29.60	25.60	22.80	29.20	2.10	49.88	0.00
38.50	37.00	29.60	25.60	22.80	29.20	2.10	49.85	0.00
38.60	37.00	29.50	25.40	22.60	29.50	1.80	49.86	0.00
38.70	36.90	29.60	25.40	22.70	29.50	1.80	49.81	0.00
38.80	36.90	29.60	25.40	22.70	29.60	1.90	49.80	0.00
38.90	36.90	29.60	25.40	22.60	30.00	1.80	49.78	0.00
39.00	36.90	29.60	25.40	22.60	29.80	1.90	49.72	0.00
39.10	37.00	29.60	25.50	22.80	30.40	1.90	49.73	0.00
39.20	37.00	29.50	25.60	22.60	30.40	1.90	49.69	0.00
39.30	37.00	29.50	25.60	22.60	30.40	1.90	49.67	0.00
39.40	37.00	29.60	25.60	22.80	30.30	1.90	49.59	0.00
39.50	37.00	29.70	25.50	22.80	30.40	1.60	49.55	0.00
39.60	37.00	29.70	25.50	22.80	30.60	1.90	49.54	0.00
39.70	37.00	29.50	25.60	22.80	30.70	1.80	49.55	0.00
39.80	36.80	29.80	25.60	22.80	31.20	1.80	49.54	0.00
39.90	36.80	29.80	25.60	22.80	31.50	1.80	49.50	0.00
40.00	36.90	29.60	25.60	22.70	31.00	1.50	49.46	0.00
40.10	37.00	29.50	25.60	22.80	30.90	2.10	49.42	0.00
40.20	37.00	29.50	25.60	22.80	30.90	2.10	49.38	0.00
40.30	36.90	29.60	25.60	22.80	31.50	1.80	49.37	0.00
40.40	36.90	29.60	25.40	22.80	32.30	1.80	49.35	0.00
40.50	36.90	29.60	25.40	22.80	32.00	1.60	49.29	0.00
40.60	37.00	29.60	25.60	22.80	32.00	1.90	49.47	0.00
40.70	37.00	29.60	25.50	22.70	32.30	1.90	50.19	0.00
40.80	37.00	29.60	25.50	22.70	32.40	1.80	50.64	0.00
40.90	37.00	29.70	25.60	22.80	32.60	1.60	50.78	0.00
41.00	37.00	29.70	25.60	22.80	32.60	1.90	50.76	0.00
41.10	36.90	29.60	25.50	22.70	32.90	2.10	50.66	0.00
41.20	37.00	29.50	25.50	22.80	32.90	2.10	50.63	0.00
41.30	37.00	29.50	25.50	22.80	32.90	1.80	50.56	0.00
41.40	37.20	29.60	25.50	22.90	32.90	2.10	50.56	0.00
41.50	37.00	29.60	25.60	22.80	33.50	1.90	50.52	0.00
41.60	37.00	29.60	25.60	22.80	33.60	1.80	50.50	0.00
41.70	37.00	29.50	25.50	22.80	33.50	1.80	50.44	0.00
41.80	37.00	29.70	25.60	22.90	33.80	2.10	50.41	0.00
41.90	37.00	29.70	25.60	22.90	34.00	1.50	50.38	0.00
42.00	36.90	29.50	25.40	22.80	34.00	1.90	50.37	0.00
42.10	37.00	29.60	25.60	22.80	34.00	1.90	50.33	0.00
42.20	37.00	29.60	25.60	22.80	34.00	1.90	50.26	0.00
42.30	37.00	29.50	25.50	22.70	34.30	1.80	50.19	0.00
42.40	37.00	29.50	25.50	22.70	34.40	1.80	50.15	0.00
42.50	37.00	29.50	25.50	22.70	34.90	1.80	50.18	0.00
42.60	37.20	29.70	25.60	22.80	35.00	1.60	50.12	0.00
42.70	37.00	29.60	25.50	22.70	35.20	1.80	50.08	0.00
42.80	37.00	29.60	25.50	22.70	35.00	1.60	50.06	0.00
42.90	37.00	29.50	25.50	22.70	35.50	1.90	50.01	0.00
43.00	37.00	29.50	25.50	22.70	35.30	1.60	49.96	0.00
43.10	36.80	29.40	25.40	22.70	35.80	1.90	49.94	0.00
43.20	37.10	29.70	25.70	22.90	36.00	1.90	49.89	0.00
43.30	37.10	29.70	25.70	22.90	35.80	1.80	49.88	0.00
43.40	37.00	29.60	25.50	22.80	36.30	1.60	49.81	0.00
43.50	37.00	29.40	25.40	22.80	36.60	1.90	49.82	0.00
43.60	37.00	29.60	25.50	22.70	36.40	1.60	49.76	0.00
43.70	37.00	29.60	25.50	22.70	36.10	1.80	49.73	0.00
43.80	37.00	29.50	25.40	22.70	36.40	1.60	49.70	0.00
43.90	37.00	29.50	25.40	22.70	36.90	1.90	49.63	0.00
44.00	37.20	29.60	25.60	22.70	36.90	1.50	49.62	0.00
44.10	37.20	29.60	25.50	22.80	36.90	1.50	49.60	0.00
44.20	37.20	29.60	25.50	22.80	37.50	1.80	49.56	0.00
44.30	37.00	29.50	25.50	22.70	37.20	1.60	49.54	0.00
44.40	37.20	29.60	25.50	22.70	37.30	1.60	49.49	0.00
44.50	37.20	29.60	25.50	22.70	37.30	1.90	49.47	0.00
44.60	37.10	29.60	25.50	22.70	37.50	1.80	49.42	0.00
44.70	37.10	29.60	25.50	22.70	38.30	1.80	49.42	0.00
44.80	37.00	29.60	25.50	22.70	38.10	1.90	49.37	0.00
44.90	36.90	29.40	25.50	22.70	38.30	1.60	49.31	0.00
45.00	36.90	29.40	25.50	22.70	38.30	1.60	49.33	0.00
45.10	36.90	29.60	25.50	22.70	38.10	1.90	49.29	0.00
45.20	37.10	29.50	25.50	22.80	38.60	1.80	49.22	0.00
45.30	37.10	29.50	25.50	22.80	38.30	1.80	49.17	0.00
45.40	37.00	29.50	25.60	22.80	38.90	1.80	49.15	0.00
45.50	36.90	29.60	25.60	22.70	38.60	1.90	49.55	0.00
45.60	36.90	29.60	25.60	22.70	38.70	1.80	50.31	0.00
45.70	37.00	29.50	25.50	22.70	39.20	1.60	50.65	0.00
45.80	36.90	29.70	25.50	22.70	39.20	1.80	50.79	0.00
45.90	36.90	29.70	25.50	22.70	39.80	1.60	50.79	0.00
46.00	37.00	29.50	25.50	22.70	39.80	1.60	50.73	0.00
46.10	37.00	29.50	25.50	22.70	39.30	1.50	50.70	0.00
46.20	37.10	29.60	25.50	22.80	39.60	1.90	50.65	0.00
46.30	36.90	29.60	25.60	22.80	40.00	1.60	50.64	0.00
46.40	36.90	29.60	25.60	22.80	40.40	1.90	50.56	0.00
46.50	37.10	29.50	25.50	22.70	40.00	1.60	50.52	0.00
46.60	37.00	29.60	25.60	22.80	40.10	1.80	50.46	0.00
46.70	37.00	29.60	25.60	22.80	40.70	1.60	50.44	0.00
46.80	37.10	29.70	25.60	22.90	40.70	1.80	50.39	0.00
46.90	37.20	29.60	25.60	22.90	40.70	1.80	50.37	0.00
47.00	37.20	29.60	25.60	22.90	41.00	1.90	50.30	0.00
47.10	37.10	29.60	25.50	22.70	41.50	1.80	50.23	0.00
47.20	36.80	29.50	25.50	22.70	41.20	1.60	50.18	0.00
47.30	36.80	29.50	25.50	22.70	41.00	2.20	50.17	0.00
47.40	37.00	29.70	25.60	22.80	41.50	1.80	50.10	0.00
47.50	37.10	29.50	25.40	22.80	42.10	1.30	50.01	0.00
47.60	37.10	29.50	25.40	22.80	42.10	1.30	44.73	0.00
47.70	36.90	29.40	25.40	22.60	41.80	1.90	43.56	0.00
47.80	36.90	29.40	25.40	22.60	41.30	1.80	44.81	0.00
47.90	37.00	29.60	25.50	22.80	41.30	1.80	46.57	0.00
48.00	36.90	29.60	25.70	22.80	41.30	1.80	47.66	0.00
48.10	36.90	29.60	25.70	22.80	41.60	1.60	47.63	0.00
48.20	36.50	29.50	25.50	22.50	41.50	1.80	47.25	0.00
48.30	36.70	29.60	25.50	22.80	41.50	1.80	47.14	0.00
48.40	36.70	29.60	25.50	22.80	41.50	1.80	26.60	0.00
48.50	36.50	29.60	25.60	22.80	41.20	1.80	14.22	0.00
48.60	36.50	29.70	25.50	22.70	41.50	1.60	10.80	0.00
48.70	36.50	29.70	25.50	22.70	41.00	1.90	8.64	0.00
48.80	36.30	29.60	25.60	22.80	41.00	1.90	7.10	0.00
48.90	36.30	29.60	25.60	22.80	41.30	1.50	5.97	0.00
49.00	36.10	29.50	25.40	22.80	41.30	2.10	5.09	0.00
49.10	36.10	29.50	25.50	22.70	41.20	2.20	4.36	0.00
49.20	36.10	29.50	25.50	22.70	41.30	1.90	3.80	0.00
49.30	36.00	29.50	25.50	22.90	41.50	1.60	3.34	0.00
49.40	35.90	29.50	25.50	22.80	41.30	1.80	2.90	0.00
49.50	35.90	29.50	25.50	22.80	41.60	1.80	2.59	0.00
49.60	35.90	29.50	25.50	22.70	41.20	1.80	2.29	0.00
49.70	35.90	29.50	25.50	22.70	41.50	2.10	2.05	0.00
49.80	35.70	29.60	25.50	22.70	41.50	2.10	1.84	0.00
49.90	35.60	29.60	25.50	22.80	40.90	1.60	1.65	0.00
50.00	35.60	29.60	25.50	22.80	41.30	1.50	1.48	0.00
50.10	35.60	29.40	25.50	22.70	41.20	1.80	1.36	0.00
50.20	35.60	29.50	25.50	22.80	40.90	1.80	1.21	0.00
50.30	35.60	29.50	25.50	22.80	41.00	1.80	1.09	0.00
50.40	35.30	29.60	25.50	22.70	41.20	1.90	0.97	0.00
50.50	35.50	29.60	25.60	22.80	41.30	2.40	0.91	0.00
50.60	35.50	29.60	25.60	22.80	41.00	1.80	0.88	0.00
50.70	35.30	29.60	25.50	22.80	41.00	1.50	0.76	0.00
50.80	35.30	29.60	25.50	22.80	41.00	1.50	0.66	0.00
50.90	35.30	29.60	25.50	22.80	41.20	1.50	0.64	0.00
51.00	35.20	29.60	25.50	22.80	40.90	1.90	0.57	0.00
51.10	35.20	29.70	25.70	22.80	41.00	1.60	0.52	0.00
51.20	35.20	29.70	25.70	22.80	40.70	1.80	0.46	0.00
51.30	35.20	29.70	25.60	22.80	40.70	1.90	0.45	0.00
51.40	35.20	29.70	25.60	22.80	40.70	2.10	0.41	0.00
51.50	35.10	29.50	25.50	22.70	40.70	1.90	0.41	0.00
51.60	35.00	29.50	25.40	22.90	40.90	1.80	0.33	0.00
51.70	35.00	29.50	25.40	22.90	40.90	1.30	0.33	0.00
51.80	35.10	29.40	25.50	22.80	40.90	1.30	0.33	0.00
51.90	35.00	29.50	25.60	22.80	41.20	1.90	0.31	0.00
52.00	35.00	29.50	25.60	22.80	41.00	1.90	0.27	0.00
52.10	35.00	29.70	25.60	22.80	41.00	1.50	0.30	0.00
52.20	34.90	29.70	25.60	22.70	40.90	2.20	0.27	0.00
52.30	34.90	29.70	25.60	22.70	40.90	1.90	0.25	0.00
52.40	34.90	29.60	25.70	22.80	41.00	1.90	0.24	0.00
52.50	35.00	29.60	25.60	22.80	40.90	1.90	0.25	0.00
52.60	35.00	29.60	25.60	22.80	40.60	1.80	0.24	0.00
52.70	34.90	29.60	25.60	22.70	40.60	1.80	0.15	0.00
52.80	34.80	29.70	25.50	22.80	40.90	1.30	0.15	0.00
52.90	34.80	29.70	25.50	22.80	40.40	1.60	0.14	0.00
53.00	34.90	29.60	25.60	22.90	41.20	1.60	0.12	0.00
53.10	34.50	29.40	25.50	22.50	41.00	1.80	0.14	0.00
53.20	34.50	29.40	25.50	22.50	41.20	1.90	0.09	0.00
53.30	34.80	29.60	25.50	22.70	40.40	1.90	0.12	0.00
53.40	34.70	29.60	25.50	22.80	40.10	2.10	0.12	0.00
53.50	34.70	29.60	25.50	22.80	40.70	1.80	0.08	0.00
53.60	34.70	29.60	25.60	22.70	40.70	1.80	0.09	0.00
53.70	34.90	29.60	25.60	22.90	41.00	0.50	0.12	0.00
53.80	34.90	29.60	25.60	22.90	41.00	1.90	0.12	0.00
53.90	34.70	29.50	25.50	22.70	40.90	1.90	0.12	0.00
54.00	34.60	29.50	25.50	22.80	41.00	2.20	0.09	0.00
54.10	34.60	29.50	25.50	22.80	41.00	1.60	0.08	0.00
54.20	34.60	29.50	25.60	22.70	40.60	1.80	0.08	0.00
54.30	34.60	29.50	25.60	22.70	40.40	1.90	0.06	0.00
54.40	34.60	29.60	25.60	22.90	41.30	1.80	0.08	0.00
54.50	34.60	29.60	25.50	22.80	41.30	1.80	0.08	0.00
54.60	34.60	29.60	25.50	22.80	40.90	1.60	0.12	0.00
54.70	34.70	29.60	25.60	22.70	41.30	1.60	0.08	0.00
54.80	34.70	29.60	25.60	22.70	40.40	2.10	0.04	0.00
54.90	34.50	29.50	25.50	22.80	41.20	1.80	0.08	0.00
55.00	34.50	29.60	25.60	22.80	41.00	1.50	0.08	0.00
55.10	34.50	29.60	25.60	22.80	41.30	1.80	0.04	0.00
55.20	34.50	29.60	25.50	22.80	40.90	2.10	0.08	0.00
55.30	34.60	29.60	25.60	22.90	41.00	1.60	0.06	0.00
55.40	34.60	29.60	25.60	22.90	41.30	1.30	0.08	0.00
55.50	34.50	29.60	25.60	22.80	41.30	1.30	0.08	0.00
55.60	34.50	29.60	25.60	22.80	40.60	1.80	0.04	0.00
55.70	34.40	29.50	25.50	22.80	40.90	1.80	0.04	0.00
55.80	34.40	29.40	25.40	22.80	40.60	1.90	0.04	0.00
55.90	34.40	29.40	25.40	22.80	40.90	1.60	0.08	0.00
56.00	34.50	29.60	25.50	22.80	41.00	1.80	0.06	0.00
56.10	34.40	29.60	25.70	22.70	41.50	1.60	0.08	0.00
56.20	34.40	29.60	25.70	22.70	41.00	1.80	0.09	0.00
56.30	34.40	29.60	25.50	22.70	41.00	2.20	0.08	0.00
56.40	34.40	29.50	25.50	22.80	41.00	2.10	0.06	0.00
56.50	34.40	29.50	25.50	22.80	41.00	2.10	0.08	0.00
56.60	34.20	29.50	25.60	22.70	40.90	1.80	0.08	0.00
56.70	34.20	29.50	25.60	22.70	40.90	2.10	0.08	0.00
56.80	34.20	29.50	25.70	22.90	40.70	2.10	0.08	0.00
56.90	34.40	29.60	25.60	22.90	40.70	1.60	0.08	0.00
57.00	34.40	29.60	25.60	22.90	40.40	1.50	0.06	0.00
57.10	34.10	29.40	25.50	22.80	41.20	1.60	0.06	0.00
57.20	34.10	29.40	25.50	22.80	41.20	1.90	0.08	0.00
57.30	34.30	29.50	25.60	22.70	40.00	2.10	0.08	0.00
57.40	34.20	29.60	25.50	22.70	40.60	1.80	0.08	0.00
57.50	34.20	29.60	25.50	22.70	41.00	1.60	0.08	0.00
57.60	34.20	29.50	25.50	22.50	41.00	1.80	0.04	0.00
57.70	34.20	29.60	25.60	22.90	40.90	1.90	0.08	0.00
57.80	34.20	29.60	25.60	22.90	40.90	1.60	0.06	0.00
57.90	34.10	29.50	25.40	22.70	41.00	1.90	0.06	0.00
58.00	34.30	29.40	25.60	22.80	41.00	1.80	0.08	0.00
58.10	34.30	29.40	25.60	22.80	41.00	1.90	0.06	0.00
58.20	34.20	29.70	25.60	22.90	40.70	1.80	0.06	0.00
58.30	34.10	29.50	25.50	22.60	40.70	1.80	0.04	0.00
58.40	34.10	29.50	25.50	22.60	40.70	1.60	0.00	0.00
58.50	34.40	29.70	25.80	23.00	40.60	1.80	0.04	0.00
58.60	34.40	29.70	25.80	23.00	40.70	1.60	0.06	0.00
58.70	34.20	29.70	25.60	22.90	41.00	1.80	0.02	0.00
58.80	34.10	29.50	25.50	22.70	40.90	1.90	0.04	0.00
58.90	34.10	29.50	25.50	22.70	40.60	1.60	0.04	0.00
59.00	34.20	29.60	25.60	22.70	41.20	1.90	0.06	0.00
59.10	34.10	29.50	25.40	22.70	40.90	1.60	0.00	0.00
59.20	34.10	29.50	25.40	22.70	40.70	2.10	0.04	0.00
59.30	34.10	29.50	25.50	22.60	40.70	2.10	0.00	0.00
59.40	34.10	29.50	25.50	22.60	41.00	1.60	0.00	0.00
59.50	34.00	29.40	25.60	22.70	40.70	1.60	0.00	0.00
59.60	34.20	29.60	25.50	22.80	40.90	1.50	0.00	0.00
59.70	34.20	29.60	25.50	22.80	41.20	1.80	0.00	0.00
59.80	34.00	29.50	25.40	22.80	40.60	1.90	0.00	0.00
59.90	34.00	29.50	25.40	22.80	40.90	1.80	0.00	0.00
60.00	34.10	29.50	25.50	22.80	40.90	1.80	0.00	0.00
60.10	34.00	29.50	25.70	22.80	40.90	1.90	0.00	0.00
60.20	34.00	29.50	25.70	22.80	40.90	1.80	0.00	0.00
60.30	33.90	29.40	25.50	22.60	40.90	1.80	0.00	0.00
60.40	33.90	29.40	25.50	22.60	40.90	1.80	0.00	0.00
60.50	34.00	29.60	25.40	22.80	40.70	1.60	0.00	0.00
60.60	34.00	29.60	25.50	22.70	40.70	1.90	0.00	0.00
60.70	34.00	29.60	25.50	22.70	40.70	1.90	0.00	0.00
60.80	34.00	29.50	25.60	22.80	40.60	1.60	0.00	0.00
60.90	33.90	29.60	25.60	22.90	40.70	1.90	0.00	0.00
61.00	33.90	29.60	25.60	22.90	40.90	1.90	0.00	0.00
61.10	33.90	29.70	25.60	22.80	40.90	1.80	0.00	0.00
61.20	33.90	29.60	25.60	22.80	40.90	2.10	0.00	0.00
61.30	33.90	29.60	25.60	22.80	40.90	2.10	0.00	0.00
61.40	34.00	29.60	25.70	22.90	40.90	1.50	0.00	0.00
61.50	33.90	29.50	25.60	22.80	40.60	1.60	0.00	0.00
61.60	33.90	29.50	25.60	22.80	40.60	1.60	0.00	0.00
61.70	34.10	29.60	25.70	22.80	41.00	1.90	0.00	0.00
61.80	34.00	29.70	25.60	23.00	40.90	1.80	0.00	0.00
61.90	34.00	29.70	25.60	23.00	40.90	1.80	0.00	0.00
62.00	33.90	29.60	25.60	22.90	40.70	1.50	0.00	0.00
62.10	33.80	29.30	25.40	22.70	40.90	1.80	0.00	0.00
62.20	33.80	29.30	25.40	22.70	40.90	1.80	0.00	0.00
62.30	33.90	29.40	25.50	22.80	40.60	1.90	0.00	0.00
62.40	33.70	29.40	25.50	22.70	40.30	1.90	0.00	0.00
62.50	33.70	29.40	25.50	22.70	40.60	1.80	0.00	0.00
62.60	34.00	29.70	25.70	22.90	40.70	1.90	0.00	0.00
62.70	34.00	29.70	25.70	22.90	40.90	2.10	0.00	0.00
62.80	33.90	29.50	25.70	22.90	41.00	1.90	0.00	0.00
62.90	33.60	29.40	25.40	22.70	40.00	1.90	0.00	0.00
63.00	33.60	29.40	25.40	22.70	41.20	1.60	0.00	0.00
63.10	34.00	29.60	25.60	22.90	40.70	1.80	0.00	0.00
63.20	34.00	29.60	25.60	22.90	40.70	1.80	0.00	0.00
63.30	33.90	29.60	25.60	22.80	40.90	1.90	0.00	0.00
63.40	33.90	29.70	25.60	22.80	41.60	1.90	0.00	0.00
63.50	33.90	29.70	25.60	22.80	40.90	1.60	0.00	0.00
63.60	34.00	29.60	25.60	22.80	40.90	1.80	0.00	0.00
63.70	33.80	29.60	25.60	22.80	40.40	1.50	0.00	0.00
63.80	33.80	29.60	25.60	22.80	40.70	1.60	0.00	0.00
63.90	33.70	29.60	25.50	22.80	40.60	1.90	0.00	0.00
64.00	33.80	29.60	25.60	22.70	41.20	1.60	0.00	0.00
64.10	33.80	29.60	25.60	22.70	41.00	1.80	0.00	0.00
64.20	33.80	29.40	25.50	22.80	41.00	1.80	0.00	0.00
64.30	33.80	29.40	25.50	22.80	41.00	1.90	0.00	0.00
64.40	33.70	29.60	25.60	22.90	41.20	1.90	0.00	0.00
64.50	33.70	29.60	25.60	22.90	40.90	1.50	0.00	0.00
64.60	33.70	29.60	25.60	22.90	41.00	1.90	0.00	0.00
64.70	33.90	29.50	25.60	22.70	40.40	1.80	0.00	0.00
64.80	33.70	29.70	25.70	22.90	40.70	1.90	0.00	0.00
64.90	33.70	29.70	25.70	22.90	40.90	1.60	0.00	0.00
65.00	33.60	29.60	25.50	22.70	40.60	1.60	0.00	0.00
65.10	33.70	29.60	25.60	22.80	40.60	1.60	0.00	0.00
65.20	33.70	29.60	25.60	22.80	40.70	1.90	0.00	0.00
65.30	33.80	29.60	25.60	22.80	41.00	1.80	0.00	0.00
65.40	33.60	29.50	25.50	22.70	40.90	1.80	0.00	0.00
65.50	33.60	29.50	25.50	22.70	40.90	1.80	0.00	0.00
65.60	33.70	29.50	25.60	22.80	40.90	1.90	0.00	0.00
65.70	33.50	29.60	25.50	22.70	40.70	1.60	0.00	0.00
65.80	33.50	29.60	25.50	22.70	41.20	1.80	0.00	0.00
65.90	33.60	29.50	25.50	22.80	40.60	1.60	0.00	0.00
66.00	33.60	29.50	25.50	22.70	40.90	1.60	0.00	0.00
66.10	33.60	29.50	25.50	22.70	40.90	1.60	0.00	0.00
66.20	33.80	29.70	25.70	22.90	40.90	2.20	0.00	0.00
66.30	33.50	29.50	25.50	22.70	40.90	2.10	0.00	0.00
66.40	33.50	29.50	25.50	22.70	41.60	1.60	0.00	0.00
66.50	33.60	29.40	25.40	22.80	40.90	2.20	0.00	0.00
66.60	33.70	29.60	25.60	22.80	40.90	1.80	0.00	0.00
66.70	33.70	29.60	25.60	22.80	40.60	1.80	0.00	0.00
66.80	33.50	29.60	25.50	22.80	40.70	1.80	0.00	0.00
66.90	33.50	29.60	25.50	22.80	40.90	1.50	0.00	0.00
67.00	33.50	29.60	25.50	22.80	40.90	1.50	0.00	0.00
67.10	33.60	29.50	25.50	22.80	41.00	1.80	0.00	0.00
67.20	33.60	29.50	25.50	22.80	40.00	1.90	0.00	0.00
67.30	33.50	29.40	25.50	22.80	40.70	1.60	0.00	0.00
67.40	33.60	29.70	25.60	22.90	41.00	1.80	0.00	0.00
67.50	33.60	29.70	25.60	22.90	41.00	1.60	0.00	0.00
67.60	33.60	29.50	25.60	22.70	41.00	1.30	0.00	0.00
67.70	33.40	29.50	25.50	22.60	40.40	1.80	0.00	0.00
67.80	33.40	29.50	25.50	22.60	40.60	1.90	0.00	0.00
67.90	33.40	29.50	25.60	22.70	40.90	1.80	0.00	0.00
68.00	33.40	29.50	25.60	22.70	40.90	1.80	0.00	0.00
68.10	33.60	29.60	25.70	22.80	41.00	1.80	0.00	0.00
68.20	33.50	29.60	25.60	22.80	40.70	1.80	0.00	0.00
68.30	33.50	29.60	25.60	22.80	40.90	1.30	0.00	0.00
68.40	33.50	29.50	25.50	22.80	41.00	1.90	0.00	0.00
68.50	33.40	29.60	25.70	22.80	40.90	1.50	0.00	0.00
68.60	33.40	29.60	25.70	22.80	41.20	1.60	0.00	0.00
68.70	33.60	29.60	25.60	22.80	40.30	1.90	0.00	0.00
68.80	33.50	29.60	25.60	22.80	40.70	1.90	0.00	0.00
68.90	33.50	29.60	25.60	22.80	40.70	1.90	0.00	0.00
69.00	33.50	29.50	25.60	22.70	40.90	1.30	0.00	0.00
69.10	33.30	29.50	25.50	22.90	41.00	1.50	0.00	0.00
69.20	33.30	29.50	25.50	22.90	41.00	1.80	0.00	0.00
69.30	33.50	29.70	25.60	22.80	40.90	1.90	0.00	0.00
69.40	33.60	29.50	25.60	22.70	40.40	1.80	0.00	0.00
69.50	33.60	29.50	25.60	22.70	40.70	2.10	0.00	0.00
69.60	33.50	29.60	25.60	22.80	41.30	2.10	0.00	0.00
69.70	33.50	29.60	25.60	22.80	40.60	1.90	0.00	0.00
69.80	33.40	29.50	25.60	22.90	41.20	1.60	0.00	0.00
69.90	33.50	29.50	25.50	22.90	41.20	1.60	0.00	0.00
70.00	33.50	29.50	25.50	22.90	41.00	1.60	0.00	0.00
70.10	33.40	29.60	25.60	22.70	40.70	1.80	0.00	0.00
70.20	33.30	29.50	25.50	22.80	40.60	1.80	0.00	0.00
70.30	33.30	29.50	25.50	22.80	40.70	1.80	0.00	0.00
70.40	33.40	29.50	25.60	22.80	40.70	1.60	0.00	0.00
70.50	33.50	29.40	25.60	22.90	40.90	1.80	0.00	0.00
70.60	33.50	29.40	25.60	22.90	41.00	1.90	0.00	0.00
70.70	33.50	29.60	25.70	22.90	40.70	1.80	0.00	0.00
70.80	33.50	29.60	25.70	22.90	40.70	1.80	0.00	0.00
70.90	33.50	29.50	25.60	22.90	41.00	2.10	0.00	0.00
71.00	33.40	29.60	25.70	22.70	40.90	1.60	0.00	0.00
71.10	33.40	29.60	25.70	22.70	41.00	1.90	0.00	0.00
71.20	33.40	29.60	25.70	22.90	40.70	1.90	0.00	0.00
71.30	33.30	29.50	25.50	22.90	41.20	1.50	0.00	0.00
71.40	33.30	29.50	25.50	22.90	40.70	1.60	0.00	0.00
71.50	33.40	29.50	25.60	22.80	40.90	1.60	0.00	0.00
71.60	33.40	29.50	25.70	22.80	40.70	1.80	0.00	0.00
71.70	33.40	29.50	25.70	22.80	40.70	1.80	0.00	0.00
71.80	33.30	29.60	25.60	22.80	40.60	1.90	0.00	0.00
71.90	33.30	29.50	25.60	22.80	40.90	2.20	0.00	0.00
72.00	33.30	29.50	25.60	22.80	40.40	1.60	0.00	0.00
72.10	33.30	29.40	25.50	22.80	40.70	1.50	0.00	0.00
72.20	33.30	29.40	25.50	22.80	41.20	1.80	0.00	0.00
72.30	33.30	29.50	25.60	22.80	40.90	1.60	0.00	0.00
72.40	33.20	29.40	25.50	22.80	40.70	2.10	0.00	0.00
72.50	33.20	29.40	25.50	22.80	41.60	1.90	0.00	0.00
72.60	33.30	29.60	25.60	22.80	40.70	1.80	0.00	0.00
72.70	33.20	29.50	25.60	22.70	40.70	1.80	0.00	0.00
72.80	33.20	29.50	25.60	22.70	40.70	1.50	0.00	0.00
72.90	33.10	29.50	25.60	22.80	40.90	1.60	0.00	0.00
73.00	33.20	29.50	25.60	22.70	41.00	1.80	0.00	0.00
73.10	33.20	29.50	25.60	22.70	41.00	1.50	0.00	0.00
73.20	33.40	29.60	25.70	22.90	41.00	1.60	0.00	0.00
73.30	33.20	29.40	25.60	22.80	41.00	2.10	0.00	0.00
73.40	33.20	29.40	25.60	22.80	40.90	1.90	0.00	0.00
73.50	33.20	29.40	25.70	22.80	40.60	1.80	0.00	0.00
73.60	33.20	29.50	25.50	22.70	40.60	1.80	0.00	0.00
73.70	33.20	29.50	25.50	22.70	41.00	2.10	0.00	0.00
73.80	33.20	29.50	25.60	22.80	40.90	1.60	0.00	0.00
73.90	33.30	29.50	25.70	22.80	40.70	1.60	0.00	0.00
74.00	33.30	29.50	25.70	22.80	40.40	1.80	0.00	0.00
74.10	33.20	29.50	25.60	22.80	40.70	1.80	0.00	0.00
74.20	33.20	29.40	25.50	22.80	41.20	1.80	0.00	0.00
74.30	33.20	29.40	25.50	22.80	41.20	1.90	0.00	0.00
74.40	33.30	29.50	25.60	22.70	40.40	1.90	0.00	0.00
74.50	33.30	29.50	25.60	22.70	40.40	1.90	0.00	0.00
74.60	33.20	29.60	25.60	22.70	41.20	1.50	0.00	0.00
74.70	33.20	29.40	25.60	22.80	40.60	1.60	0.00	0.00
74.80	33.20	29.40	25.60	22.80	40.90	1.80	0.00	0.00
74.90	33.30	29.70	25.70	22.90	40.70	1.60	0.00	0.00
75.00	33.30	29.50	25.60	22.80	40.70	1.60	0.00	0.00
75.10	33.30	29.50	25.60	22.80	40.60	1.60	0.00	0.00
75.20	33.10	29.50	25.60	22.90	40.40	1.90	0.00	0.00
75.30	33.10	29.50	25.60	22.80	40.90	1.80	0.00	0.00
75.40	33.10	29.50	25.60	22.80	40.60	1.80	0.00	0.00
75.50	33.10	29.60	25.60	22.80	40.60	1.80	0.00	0.00
75.60	33.10	29.60	25.60	22.80	41.00	1.80	0.00	0.00
75.70	33.20	29.60	25.70	22.80	41.30	2.10	0.00	0.00
75.80	33.10	29.60	25.70	22.90	40.30	1.60	0.00	0.00
75.90	33.10	29.60	25.70	22.90	40.90	1.90	0.00	0.00
76.00	33.00	29.50	25.60	22.80	40.90	1.50	0.00	0.00
76.10	33.10	29.60	25.50	22.60	40.40	1.50	0.00	0.00
76.20	33.10	29.60	25.50	22.60	40.70	1.50	0.00	0.00
76.30	32.90	29.50	25.60	22.80	41.20	2.10	0.00	0.00
76.40	32.90	29.50	25.60	22.80	40.40	1.90	0.00	0.00
76.50	33.00	29.50	25.60	22.80	40.40	1.90	0.00	0.00
76.60	33.20	29.60	25.70	23.00	41.00	1.80	0.00	0.00
76.70	33.20	29.60	25.70	23.00	40.90	1.90	0.00	0.00
76.80	33.00	29.50	25.50	22.80	40.90	1.90	0.00	0.00
76.90	33.20	29.60	25.60	22.90	41.00	1.80	0.00	0.00
77.00	33.20	29.60	25.60	22.90	40.90	1.80	0.00	0.00
77.10	33.10	29.60	25.60	22.80	40.90	1.60	0.00	0.00
77.20	33.10	29.50	25.40	22.70	40.70	1.90	0.00	0.00
77.30	33.10	29.50	25.40	22.70	40.90	1.80	0.00	0.00
77.40	33.20	29.60	25.60	23.00	40.90	1.80	0.00	0.00
77.50	33.10	29.50	25.60	22.80	40.70	1.80	0.00	0.00
77.60	33.10	29.50	25.60	22.80	40.70	1.80	0.00	0.00
77.70	33.00	29.50	25.50	22.80	40.70	1.60	0.00	0.00
77.80	33.10	29.50	25.60	22.80	40.70	2.10	0.00	0.00
77.90	33.10	29.50	25.60	22.80	40.70	1.80	0.00	0.00
78.00	33.00	29.50	25.60	22.70	41.00	1.90	0.00	0.00
78.10	33.10	29.50	25.60	22.90	41.00	1.80	0.00	0.00
78.20	33.10	29.50	25.60	22.90	40.70	1.60	0.00	0.00
78.30	33.00	29.60	25.60	22.80	41.00	1.90	0.00	0.00
78.40	33.00	29.60	25.60	22.70	41.00	1.90	0.00	0.00
78.50	33.00	29.60	25.60	22.70	40.70	1.60	0.00	0.00
78.60	33.20	29.60	25.80	22.90	40.90	1.80	0.00	0.00
78.70	33.20	29.60	25.80	22.90	40.70	2.10	0.00	0.00
78.80	33.20	29.60	25.60	22.70	41.00	1.90	0.00	0.00
78.90	33.00	29.60	25.60	22.90	40.90	2.10	0.00	0.00
79.00	33.00	29.60	25.60	22.90	40.60	1.90	0.00	0.00
79.10	33.10	29.60	25.50	22.90	41.20	2.10	0.00	0.00
79.20	33.20	29.40	25.60	22.80	40.70	2.20	0.00	0.00
79.30	33.20	29.40	25.60	22.80	40.90	1.80	0.00	0.00
79.40	33.10	29.80	25.70	22.80	40.90	1.80	0.00	0.00
79.50	33.10	29.80	25.70	22.80	40.90	1.90	0.00	0.00
79.60	33.00	29.60	25.50	22.70	40.70	1.80	0.00	0.00
79.70	32.90	29.40	25.50	22.80	40.30	1.90	0.00	0.00
79.80	32.90	29.40	25.50	22.80	41.30	2.20	0.00	0.00
79.90	33.00	29.60	25.60	22.90	41.20	2.20	0.00	0.00
80.00	32.90	29.60	25.60	22.80	40.70	2.20	0.00	0.00
80.10	32.90	29.60	25.60	22.80	40.60	1.60	0.00	0.00
80.20	33.00	29.50	25.60	22.70	40.90	1.50	0.00	0.00
80.30	33.00	29.50	25.60	22.70	40.60	2.10	0.00	0.00
80.40	33.00	29.60	25.70	22.80	40.60	2.10	0.00	0.00
80.50	33.00	29.60	25.70	22.80	41.00	1.90	0.00	0.00
80.60	33.00	29.60	25.70	22.80	40.40	1.50	0.00	0.00
80.70	33.00	29.60	25.60	22.80	41.00	1.30	0.00	0.00
80.80	33.00	29.60	25.60	22.80	41.00	1.90	0.00	0.00
80.90	32.90	29.60	25.50	22.80	40.70	1.90	0.00	0.00
81.00	33.00	29.60	25.60	22.80	40.70	1.80	0.00	0.00
81.10	33.00	29.60	25.60	22.80	40.90	1.80	0.00	0.00
81.20	32.90	29.50	25.60	22.80	40.90	2.10	0.00	0.00
81.30	33.00	29.70	25.70	22.80	41.20	1.50	0.00	0.00
81.40	33.00	29.70	25.70	22.80	40.40	1.80	0.00	0.00
81.50	33.00	29.50	25.50	22.70	40.70	1.90	0.00	0.00
81.60	32.90	29.50	25.50	22.80	40.70	1.60	0.00	0.00
81.70	32.90	29.50	25.50	22.80	40.70	1.90	0.00	0.00
81.80	32.90	29.50	25.60	22.80	40.70	1.80	0.00	0.00
81.90	32.60	29.50	25.50	22.80	40.90	1.90	0.00	0.00
82.00	32.60	29.50	25.50	22.80	40.90	1.60	0.00	0.00
82.10	33.00	29.50	25.50	22.70	40.40	1.80	0.00	0.00
82.20	32.90	29.40	25.50	22.70	41.20	1.50	0.00	0.00
82.30	32.90	29.40	25.50	22.70	41.20	1.50	0.00	0.00
82.40	32.80	29.40	25.60	22.70	40.90	1.60	0.00	0.00
82.50	33.00	29.50	25.50	22.80	41.00	1.80	0.00	0.00
82.60	33.00	29.50	25.50	22.80	40.90	1.90	0.00	0.00
82.70	32.90	29.50	25.70	22.90	40.60	1.80	0.00	0.00
82.80	32.80	29.50	25.60	22.80	40.90	1.90	0.00	0.00
82.90	32.80	29.50	25.60	22.80	40.70	1.50	0.00	0.00
83.00	32.80	29.40	25.60	22.80	40.60	2.10	0.00	0.00
83.10	32.80	29.40	25.60	22.80	40.90	1.90	0.00	0.00
83.20	32.80	29.40	25.50	22.80	40.70	1.60	0.00	0.00
83.30	32.90	29.50	25.80	23.10	40.70	1.60	0.00	0.00
83.40	32.90	29.50	25.80	23.10	41.00	1.80	0.00	0.00
83.50	32.90	29.50	25.60	22.80	41.00	1.80	0.00	0.00
83.60	32.70	29.30	25.50	22.70	40.90	1.90	0.00	0.00
83.70	32.70	29.30	25.50	22.70	40.40	1.60	0.00	0.00
83.80	32.90	29.50	25.60	22.80	40.90	1.90	0.00	0.00
83.90	32.90	29.30	25.50	22.70	40.70	1.60	0.00	0.00
84.00	32.90	29.30	25.50	22.70	40.90	1.90	0.00	0.00
84.10	32.80	29.40	25.60	22.80	40.90	1.80	0.00	0.00
84.20	32.80	29.40	25.60	22.80	40.90	1.80	0.00	0.00
84.30	32.90	29.60	25.70	22.80	40.70	1.90	0.00	0.00
84.40	32.80	29.50	25.50	22.70	40.90	1.80	0.00	0.00
84.50	32.80	29.50	25.50	22.70	40.70	1.60	0.00	0.00
84.60	32.90	29.50	25.50	22.90	40.70	1.90	0.00	0.00
84.70	32.90	29.50	25.50	22.90	41.30	2.10	0.00	0.00
84.80	32.90	29.50	25.60	22.90	40.70	1.60	0.00	0.00
84.90	32.70	29.40	25.50	22.70	41.00	1.80	0.00	0.00
85.00	32.70	29.40	25.50	22.70	40.60	1.80	0.00	0.00
85.10	32.60	29.30	25.50	22.70	41.00	1.80	0.00	0.00
85.20	33.00	29.40	25.70	22.90	41.00	1.80	0.00	0.00
85.30	33.00	29.40	25.70	22.90	40.90	1.60	0.00	0.00
85.40	32.70	29.40	25.60	22.80	41.20	1.80	0.00	0.00
85.50	32.70	29.40	25.60	22.70	41.00	2.10	0.00	0.00
85.60	32.70	29.40	25.60	22.70	40.40	1.60	0.00	0.00
85.70	32.70	29.50	25.60	22.80	41.00	1.30	0.00	0.00
85.80	32.90	29.50	25.70	22.90	40.40	1.60	0.00	0.00
85.90	32.90	29.50	25.70	22.90	40.60	2.10	0.00	0.00
86.00	33.00	29.50	25.60	22.90	40.70	2.20	0.00	0.00
86.10	33.00	29.50	25.60	22.90	40.70	2.20	0.00	0.00
86.20	32.90	29.60	25.70	23.00	40.30	1.50	0.00	0.00
86.30	32.80	29.50	25.60	22.80	40.40	2.20	0.00	0.00
86.40	32.80	29.50	25.60	22.80	40.40	1.90	0.00	0.00
86.50	32.70	29.50	25.60	22.80	40.70	1.80	0.00	0.00
86.60	32.70	29.30	25.50	22.70	40.60	1.80	0.00	0.00
86.70	32.70	29.30	25.50	22.70	41.30	1.60	0.00	0.00
86.80	32.80	29.40	25.50	22.80	40.90	1.90	0.00	0.00
86.90	32.80	29.40	25.50	22.80	40.90	2.10	0.00	0.00
87.00	32.80	29.60	25.70	22.90	40.60	1.80	0.00	0.00
87.10	32.60	29.40	25.50	22.80	40.60	1.80	0.00	0.00
87.20	32.60	29.40	25.50	22.80	40.70	1.90	0.00	0.00
87.30	32.80	29.60	25.70	22.90	40.60	1.80	0.00	0.00
87.40	32.90	29.50	25.60	22.80	40.70	2.10	0.00	0.00
87.50	32.90	29.50	25.60	22.80	40.70	1.60	0.00	0.00
87.60	32.70	29.50	25.70	22.70	40.70	1.80	0.00	0.00
87.70	32.70	29.50	25.60	22.90	40.90	1.60	0.00	0.00
87.80	32.70	29.50	25.60	22.90	41.00	1.60	0.00	0.00
87.90	32.80	29.30	25.50	22.70	40.70	2.40	0.00	0.00
88.00	32.70	29.40	25.60	22.90	40.70	2.40	0.00	0.00
88.10	32.70	29.40	25.60	22.90	40.40	1.90	0.00	0.00
88.20	32.80	29.50	25.60	22.80	41.00	2.10	0.00	0.00
88.30	32.80	29.50	25.60	22.80	40.90	1.60	0.00	0.00
88.40	32.70	29.50	25.60	22.80	40.90	1.80	0.00	0.00
88.50	32.80	29.60	25.70	23.00	41.00	2.10	0.00	0.00
88.60	32.80	29.60	25.70	23.00	40.90	1.80	0.00	0.00
88.70	32.70	29.50	25.50	22.80	41.20	1.60	0.00	0.00
88.80	32.70	29.60	25.70	22.90	41.00	2.10	0.00	0.00
88.90	32.70	29.60	25.70	22.90	40.90	1.90	0.00	0.00
89.00	32.90	29.50	25.70	23.00	40.90	1.90	0.00	0.00
89.10	32.70	29.50	25.50	22.80	40.70	1.60	0.00	0.00
89.20	32.70	29.50	25.50	22.80	40.40	1.80	0.00	0.00
89.30	32.80	29.60	25.70	22.90	41.00	1.60	0.00	0.00
89.40	32.60	29.50	25.60	22.70	40.60	1.80	0.00	0.00
89.50	32.60	29.50	25.60	22.70	40.90	1.80	0.00	0.00
89.60	32.60	29.50	25.50	22.80	40.60	1.50	0.00	0.00
89.70	32.80	29.50	25.70	22.90	40.90	1.90	0.00	0.00
89.80	32.80	29.50	25.70	22.90	41.00	1.60	0.00	0.00
89.90	32.60	29.60	25.70	22.90	41.20	1.50	0.00	0.00
90.00	32.80	29.70	25.60	22.90	41.20	1.50	0.00	0.00
90.10	32.80	29.70	25.60	22.90	40.90	1.50	0.00	0.00
90.20	32.60	29.50	25.80	22.80	41.00	1.60	0.00	0.00
90.30	32.60	29.50	25.80	22.80	40.40	1.90	0.00	0.00
90.40	32.70	29.50	25.50	22.80	41.30	1.80	0.00	0.00
90.50	32.50	29.40	25.50	22.70	40.70	1.90	0.00	0.00
90.60	32.50	29.40	25.50	22.70	40.60	1.60	0.00	0.00
90.70	32.60	29.50	25.70	22.80	40.70	1.80	0.00	0.00
90.80	32.70	29.50	25.70	22.60	40.90	1.30	0.00	0.00
90.90	32.70	29.50	25.70	22.60	40.90	1.60	0.00	0.00
91.00	32.60	29.50	25.70	22.90	40.90	1.60	0.00	0.00
91.10	32.70	29.60	25.70	22.90	40.30	1.90	0.00	0.00
91.20	32.70	29.60	25.70	22.90	40.90	2.10	0.00	0.00
91.30	32.60	29.50	25.50	22.80	40.40	1.90	0.00	0.00
91.40	32.60	29.40	25.50	22.80	40.40	1.90	0.00	0.00
91.50	32.60	29.40	25.50	22.80	40.40	1.90	0.00	0.00
91.60	32.50	29.40	25.60	22.80	41.00	1.50	0.00	0.00
91.70	32.50	29.60	25.70	22.90	40.60	1.60	0.00	0.00
91.80	32.50	29.60	25.70	22.90	41.00	1.50	0.00	0.00
91.90	32.60	29.40	25.60	22.70	41.00	1.60	0.00	0.00
92.00	32.50	29.40	25.50	22.80	41.00	1.60	0.00	0.00
92.10	32.50	29.40	25.50	22.80	40.90	2.10	0.00	0.00
92.20	32.60	29.30	25.50	22.70	40.60	1.80	0.00	0.00
92.30	32.60	29.50	25.70	22.80	40.60	1.90	0.00	0.00
92.40	32.60	29.50	25.70	22.80	40.40	1.80	0.00	0.00
92.50	32.60	29.70	25.60	22.80	40.40	1.80	0.00	0.00
92.60	32.60	29.70	25.60	22.80	40.60	1.80	0.00	0.00
92.70	32.70	29.60	25.70	22.90	40.70	1.80	0.00	0.00
92.80	32.50	29.50	25.60	22.70	40.70	1.60	0.00	0.00
92.90	32.50	29.50	25.60	22.70	40.70	1.60	0.00	0.00
93.00	32.70	29.60	25.60	23.00	40.60	1.90	0.00	0.00
93.10	32.50	29.40	25.50	22.60	40.60	1.90	0.00	0.00
93.20	32.50	29.40	25.50	22.60	40.90	1.80	0.00	0.00
93.30	32.60	29.50	25.50	22.60	40.70	1.90	0.00	0.00
93.40	32.60	29.50	25.50	22.60	40.70	1.80	0.00	0.00
93.50	32.50	29.50	25.50	22.90	40.40	1.90	0.00	0.00
93.60	32.50	29.60	25.60	22.80	40.90	1.90	0.00	0.00
93.70	32.50	29.60	25.60	22.80	41.20	1.80	0.00	0.00
93.80	32.50	29.50	25.70	22.80	41.20	1.80	0.00	0.00
93.90	32.50	29.40	25.50	22.80	40.40	2.20	0.00	0.00
94.00	32.50	29.40	25.50	22.80	40.90	1.80	0.00	0.00
94.10	32.70	29.50	25.70	22.90	41.00	1.80	0.00	0.00
94.20	32.60	29.60	25.70	22.80	40.70	1.80	0.00	0.00
94.30	32.60	29.60	25.70	22.80	40.90	1.50	0.00	0.00
94.40	32.50	29.50	25.50	22.70	41.00	1.80	0.00	0.00
94.50	32.50	29.50	25.50	22.70	40.70	1.80	0.00	0.00
94.60	32.50	29.50	25.60	22.70	40.70	1.80	0.00	0.00
94.70	32.40	29.40	25.50	22.70	40.70	1.80	0.00	0.00
94.80	32.40	29.40	25.50	22.70	40.70	1.60	0.00	0.00
94.90	32.50	29.60	25.60	22.90	40.70	1.80	0.00	0.00
95.00	32.50	29.50	25.60	22.90	40.70	2.10	0.00	0.00
95.10	32.50	29.50	25.60	22.90	40.60	1.30	0.00	0.00
95.20	32.50	29.60	25.60	23.00	40.90	1.80	0.00	0.00
95.30	32.50	29.60	25.60	23.00	40.70	2.10	0.00	0.00
95.40	32.50	29.50	25.60	22.90	40.60	2.10	0.00	0.00
95.50	32.50	29.50	25.40	22.70	40.90	2.20	0.00	0.00
95.60	32.50	29.50	25.40	22.70	40.60	1.50	0.00	0.00
95.70	32.40	29.40	25.50	22.70	40.60	1.50	0.00	0.00
95.80	32.70	29.60	25.70	22.90	40.30	1.90	0.00	0.00
95.90	32.70	29.60	25.70	22.90	41.00	2.10	0.00	0.00
96.00	32.50	29.50	25.70	22.80	40.60	1.50	0.00	0.00
96.10	32.50	29.40	25.70	22.90	40.70	2.10	0.00	0.00
96.20	32.50	29.40	25.70	22.90	40.90	1.60	0.00	0.00
96.30	32.40	29.50	25.60	22.80	40.60	1.90	0.00	0.00
96.40	32.60	29.50	25.70	23.00	40.90	1.80	0.00	0.00
96.50	32.60	29.50	25.70	23.00	40.60	1.80	0.00	0.00
96.60	32.40	29.40	25.60	22.70	40.60	1.80	0.00	0.00
96.70	32.40	29.40	25.60	22.70	41.00	1.60	0.00	0.00
96.80	32.60	29.40	25.70	22.90	40.40	1.90	0.00	0.00
96.90	32.40	29.50	25.60	22.80	41.00	1.80	0.00	0.00
97.00	32.50	29.50	25.70	22.90	40.70	1.80	0.00	0.00
97.10	32.50	29.50	25.70	22.90	40.70	2.10	0.00	0.00
97.20	32.50	29.50	25.70	22.80	40.70	1.90	0.00	0.00
97.30	32.50	29.50	25.70	22.80	40.90	1.60	0.00	0.00
97.40	32.40	29.50	25.70	22.80	40.60	1.80	0.00	0.00
97.50	32.50	29.50	25.70	22.80	40.60	1.80	0.00	0.00
97.60	32.50	29.50	25.70	22.80	40.90	1.60	0.00	0.00
97.70	32.40	29.40	25.50	22.90	40.70	1.90	0.00	0.00
97.80	32.40	29.40	25.50	22.90	40.60	1.80	0.00	0.00
97.90	32.50	29.40	25.60	22.80	40.70	1.90	0.00	0.00
98.00	32.60	29.60	25.70	22.80	40.90	1.80	0.00	0.00
98.10	32.60	29.60	25.70	22.80	40.60	1.80	0.00	0.00
98.20	32.50	29.50	25.70	22.80	41.00	1.60	0.00	0.00
98.30	32.70	29.50	25.70	22.80	40.60	1.50	0.00	0.00
98.40	32.70	29.50	25.70	22.80	40.70	2.20	0.00	0.00
98.50	32.40	29.40	25.60	22.70	40.70	2.20	0.00	0.00
98.60	32.40	29.40	25.60	22.70	41.20	1.80	0.00	0.00
98.70	32.40	29.50	25.60	22.80	40.70	1.60	0.00	0.00
98.80	32.50	29.60	25.70	22.90	40.70	1.80	0.00	0.00
98.90	32.50	29.60	25.70	22.90	40.70	1.80	0.00	0.00
99.00	32.50	29.40	25.60	22.80	40.90	1.50	0.00	0.00
99.10	32.50	29.40	25.60	22.80	40.70	1.50	0.00	0.00
99.20	32.50	29.40	25.60	22.80	40.70	1.50	0.00	0.00
99.30	32.40	29.40	25.50	22.80	40.90	1.30	0.00	0.00
99.40	32.40	29.40	25.50	22.80	40.70	1.50	0.00	0.00
99.50	32.40	29.40	25.60	22.90	40.70	1.50	0.00	0.00
99.60	32.40	29.40	25.60	22.90	40.90	1.90	0.00	0.00
99.70	32.50	29.50	25.70	22.90	40.70	2.10	0.00	0.00
99.80	32.40	29.40	25.60	22.80	40.70	2.10	0.00	0.00
99.90	32.40	29.40	25.60	22.80	40.40	1.80	0.00	0.00
100.00	32.40	29.40	25.60	22.80	41.00	2.10	0.00	0.00
100.10	32.50	29.60	25.70	23.00	41.00	1.50	0.00	0.00
100.20	32.50	29.60	25.70	23.00	40.70	1.90	0.00	0.00
100.30	32.50	29.50	25.70	22.80	40.60	1.50	0.00	0.00
100.40	32.40	29.30	25.60	22.90	40.60	1.50	0.00	0.00
100.50	32.40	29.30	25.60	22.90	40.60	1.80	0.00	0.00
100.60	32.40	29.40	25.70	22.80	40.90	1.60	0.00	0.00
100.70	32.50	29.50	25.70	22.80	40.60	1.60	0.00	0.00
100.80	32.50	29.50	25.70	22.80	40.60	1.90	0.00	0.00
100.90	32.40	29.50	25.60	22.90	40.40	1.60	0.00	0.00
101.00	32.20	29.50	25.60	22.70	40.40	1.80	0.00	0.00
101.10	32.20	29.50	25.60	22.70	40.90	1.60	0.00	0.00
101.20	32.30	29.30	25.50	22.70	40.70	1.90	0.00	0.00
101.30	32.30	29.30	25.50	22.70	40.90	1.60	0.00	0.00
101.40	32.30	29.50	25.60	22.70	40.90	1.60	0.00	0.00
101.50	32.30	29.40	25.50	22.80	41.20	1.60	0.00	0.00
101.60	32.30	29.40	25.50	22.80	40.90	1.60	0.00	0.00
101.70	32.30	29.40	25.60	22.70	40.60	1.80	0.00	0.00
101.80	32.40	29.40	25.60	22.70	40.90	1.20	0.00	0.00
101.90	32.40	29.40	25.60	22.70	40.70	1.80	0.00	0.00
102.00	32.20	29.40	25.60	22.70	40.40	1.80	0.00	0.00
102.10	32.10	29.40	25.60	22.70	40.60	1.30	0.00	0.00
102.20	32.10	29.40	25.60	22.70	40.90	1.90	0.00	0.00
102.30	32.30	29.40	25.50	22.70	40.90	1.90	0.00	0.00
102.40	32.40	29.40	25.60	22.90	40.90	1.80	0.00	0.00
102.50	32.40	29.40	25.60	22.90	40.90	1.80	0.00	0.00
102.60	32.30	29.50	25.60	22.90	40.90	1.60	0.00	0.00
102.70	32.30	29.50	25.60	22.90	40.70	1.90	0.00	0.00
102.80	32.40	29.40	25.70	22.90	40.60	1.90	0.00	0.00
102.90	32.40	29.50	25.50	22.80	40.90	1.50	0.00	0.00
103.00	32.40	29.50	25.50	22.80	40.90	1.90	0.00	0.00
103.10	32.40	29.50	25.50	22.80	41.30	1.30	0.00	0.00
103.20	32.20	29.50	25.70	22.70	40.60	1.80	0.00	0.00
103.30	32.20	29.50	25.70	22.70	40.60	1.80	0.00	0.00
103.40	32.40	29.40	25.80	22.90	40.90	1.90	0.00	0.00
103.50	32.40	29.60	25.70	22.80	40.40	1.50	0.00	0.00
103.60	32.40	29.60	25.70	22.80	40.90	1.80	0.00	0.00
103.70	32.20	29.40	25.60	22.90	40.90	1.80	0.00	0.00
103.80	32.30	29.40	25.60	22.70	40.40	1.30	0.00	0.00
103.90	32.30	29.40	25.60	22.70	40.90	1.90	0.00	0.00
104.00	32.20	29.40	25.50	22.70	40.70	1.90	0.00	0.00
104.10	32.30	29.40	25.60	22.80	40.70	1.60	0.00	0.00
104.20	32.30	29.40	25.60	22.80	40.70	1.60	0.00	0.00
104.30	32.40	29.40	25.70	22.90	40.60	1.60	0.00	0.00
104.40	32.40	29.60	25.70	23.00	41.20	2.10	0.00	0.00
104.50	32.40	29.60	25.70	23.00	40.70	1.80	0.00	0.00
104.60	32.40	29.50	25.70	22.90	40.70	1.90	0.00	0.00
104.70	32.30	29.40	25.70	22.90	40.40	1.80	0.00	0.00
104.80	32.30	29.40	25.70	22.90	40.30	1.80	0.00	0.00
104.90	32.30	29.50	25.70	23.00	40.90	1.60	0.00	0.00
105.00	32.20	29.30	25.50	22.70	40.90	1.60	0.00	0.00
105.10	32.20	29.30	25.50	22.70	40.90	1.60	0.00	0.00
