Ambient Temperature(C): 19.8
Ambient Pressure(in Hg): 29.3
29.3
Time(s)	T1(Deg C)	Wall Temp(Deg C)	Top Plate(Deg C)	Bottom Plate(Deg C)	P1(PSI)	P2(PSI)	Mass Flowrate(g/min)	Heater Energy (kJ)

0.00	29.00	26.60	22.90	21.50	1.30	1.20	0.00	0.00
0.10	29.00	26.60	23.10	21.40	1.20	0.80	0.00	0.00
0.20	29.00	26.50	23.00	21.50	0.90	1.20	0.00	0.00
0.30	29.00	26.50	23.00	21.50	1.20	1.20	0.00	0.00
0.40	29.10	26.70	23.00	21.50	1.20	1.20	0.00	0.00
0.50	29.00	26.60	23.00	21.40	1.50	1.50	0.00	0.00
0.60	29.00	26.60	23.00	21.40	1.80	1.00	0.00	0.00
0.70	29.10	26.60	23.00	21.50	1.20	0.80	0.00	0.00
0.80	29.10	26.60	23.00	21.50	0.70	1.20	0.00	0.00
0.90	28.80	26.60	22.90	21.40	1.00	1.20	0.00	0.00
1.00	29.00	26.60	23.00	21.50	1.20	1.30	0.00	0.00
1.10	29.00	26.60	23.00	21.50	1.30	1.20	0.00	0.00
1.20	28.90	26.50	22.90	21.30	1.30	1.50	0.00	0.00
1.30	28.80	26.50	22.90	21.30	1.20	1.30	0.00	0.00
1.40	28.80	26.50	22.90	21.30	1.20	1.30	0.00	0.00
1.50	29.00	26.60	22.90	21.50	1.50	1.00	0.00	0.00
1.60	28.90	26.60	23.00	21.50	1.50	0.80	0.00	0.00
1.70	28.90	26.60	23.00	21.50	1.00	1.00	0.00	0.00
1.80	29.00	26.50	23.00	21.40	1.00	1.00	0.00	0.00
1.90	29.10	26.60	22.90	21.40	1.50	1.00	0.00	0.00
2.00	29.10	26.60	22.90	21.40	1.00	1.00	0.00	0.00
2.10	29.00	26.70	23.10	21.50	1.30	1.20	0.00	0.00
2.20	28.90	26.50	22.90	21.30	1.30	1.30	0.00	0.00
2.30	28.90	26.50	22.90	21.30	1.30	1.30	0.00	0.00
2.40	29.00	26.60	23.10	21.40	1.00	1.00	0.00	0.00
2.50	29.00	26.60	23.00	21.40	1.20	1.20	0.00	0.00
2.60	29.00	26.60	23.00	21.40	1.50	1.00	0.00	0.00
2.70	28.90	26.50	23.00	21.40	0.90	1.30	0.00	0.00
2.80	29.00	26.60	23.00	21.50	1.30	1.00	0.00	0.00
2.90	29.00	26.60	23.00	21.50	1.20	0.40	0.00	0.00
3.00	28.90	26.50	22.80	21.40	1.20	1.00	0.00	0.00
3.10	28.90	26.50	22.80	21.40	1.00	1.00	0.00	0.00
3.20	29.00	26.70	23.00	21.50	1.20	1.30	0.00	0.00
3.30	29.00	26.70	23.00	21.30	1.20	1.30	0.00	0.00
3.40	29.00	26.70	23.00	21.30	0.90	1.30	0.00	0.00
3.50	29.00	26.70	23.00	21.50	1.20	0.70	0.00	0.00
3.60	29.00	26.70	23.00	21.50	1.00	1.20	0.00	0.00
3.70	29.00	26.60	23.00	21.40	0.90	1.00	0.00	0.00
3.80	29.10	26.80	23.00	21.50	1.00	1.30	0.00	0.00
3.90	29.00	26.70	23.00	21.50	1.30	1.30	0.00	0.00
4.00	29.00	26.70	23.00	21.50	1.20	1.20	0.00	0.00
4.10	29.00	26.60	23.00	21.40	1.20	1.00	0.00	0.00
4.20	29.00	26.60	23.00	21.40	1.20	1.00	0.00	0.00
4.30	28.70	26.40	22.90	21.40	0.90	1.20	0.00	0.00
4.40	29.00	26.60	23.00	21.40	1.30	1.50	0.00	0.00
4.50	29.00	26.60	23.00	21.40	1.00	1.20	0.00	0.00
4.60	28.80	26.60	22.90	21.40	1.00	1.20	0.00	0.00
4.70	29.10	26.60	23.00	21.40	0.90	1.20	0.00	0.00
4.80	29.10	26.60	23.00	21.40	1.00	1.00	0.00	0.00
4.90	29.00	26.50	23.00	21.50	1.20	0.80	0.00	0.00
5.00	29.00	26.60	23.00	21.40	1.50	1.20	0.00	0.00
5.10	29.00	26.60	23.00	21.40	1.00	1.00	0.00	0.00
5.20	29.00	26.50	22.90	21.40	1.30	0.80	0.00	0.00
5.30	28.90	26.70	23.00	21.50	1.00	1.00	0.00	0.00
5.40	28.90	26.70	23.00	21.50	1.00	1.00	0.00	0.00
5.50	28.90	26.60	23.10	21.50	1.00	0.70	0.00	0.00
5.60	28.90	26.60	23.10	21.50	1.60	1.50	0.00	0.00
5.70	28.80	26.50	22.90	21.30	1.90	1.60	0.00	0.00
5.80	28.20	26.50	23.00	21.50	1.90	1.30	0.00	0.00
5.90	28.80	26.60	23.00	21.60	2.30	1.80	0.00	0.00
6.00	28.80	26.60	23.00	21.60	2.30	1.50	0.00	0.00
6.10	28.80	26.60	22.90	21.40	2.30	1.50	0.00	0.00
6.20	28.80	26.60	22.90	21.40	2.10	1.50	0.00	0.00
6.30	29.10	26.60	23.00	21.50	2.30	1.50	0.00	0.00
6.40	29.10	26.50	23.00	21.40	2.10	1.80	0.00	0.00
6.50	29.10	26.50	23.00	21.40	2.10	1.50	0.00	0.00
6.60	29.30	26.70	23.10	21.40	2.10	1.60	0.00	0.00
6.70	29.30	26.70	23.10	21.40	2.30	1.30	0.00	0.00
6.80	29.00	26.50	23.00	21.40	1.20	1.20	0.00	0.00
6.90	29.10	26.50	23.10	21.40	2.10	1.50	0.00	0.00
7.00	29.10	26.50	23.10	21.40	2.40	1.50	0.00	0.00
7.10	29.10	26.60	22.90	21.40	2.60	1.50	0.00	0.00
7.20	29.20	26.60	23.00	21.50	0.90	1.80	0.00	0.00
7.30	29.20	26.60	23.00	21.50	1.90	1.50	0.00	0.00
7.40	29.20	26.50	23.10	21.50	2.40	1.20	0.00	0.00
7.50	29.00	26.60	23.00	21.60	1.90	1.30	0.00	0.00
7.60	29.00	26.60	23.00	21.60	1.30	1.90	0.00	0.00
7.70	29.10	26.60	23.00	21.50	1.90	2.10	0.00	0.00
7.80	29.00	26.60	23.00	21.60	1.80	1.50	0.00	0.00
7.90	29.00	26.60	23.00	21.60	1.80	1.50	0.00	0.00
8.00	28.90	26.60	22.80	21.30	1.90	1.30	0.00	0.00
8.10	28.90	26.60	22.80	21.30	1.90	1.80	0.00	0.00
8.20	29.10	26.60	23.00	21.40	2.60	1.00	0.00	0.00
8.30	29.10	26.60	23.00	21.50	2.60	1.60	0.00	0.00
8.40	29.10	26.60	23.00	21.50	1.90	1.50	0.00	0.00
8.50	29.10	26.50	23.00	21.50	1.80	1.20	0.00	0.00
8.60	29.10	26.50	23.00	21.50	2.30	1.60	0.00	0.00
8.70	29.00	26.50	23.00	21.40	2.60	1.50	0.00	0.00
8.80	29.20	26.60	23.10	21.40	2.70	1.20	0.00	0.00
8.90	29.20	26.60	23.10	21.40	2.70	1.20	0.00	0.00
9.00	29.30	26.50	23.00	21.40	2.90	1.30	0.00	0.00
9.10	29.60	26.50	22.90	21.40	3.20	1.90	0.00	0.00
9.20	29.60	26.50	22.90	21.40	3.90	1.20	0.00	0.00
9.30	29.70	26.60	23.00	21.40	3.50	1.30	0.00	0.00
9.40	29.80	26.60	23.10	21.40	3.50	1.30	0.00	0.00
9.50	29.80	26.60	23.10	21.40	3.20	1.20	0.00	0.00
9.60	29.90	26.70	23.10	21.50	3.30	1.30	0.00	0.00
9.70	30.10	26.60	23.00	21.50	3.30	1.30	0.00	0.00
9.80	30.10	26.60	23.00	21.50	3.30	1.30	0.00	0.00
9.90	29.80	26.50	22.90	21.40	3.50	1.20	0.00	0.00
10.00	29.80	26.50	22.90	21.40	3.60	1.30	0.00	0.00
10.10	30.00	26.60	23.10	21.40	3.30	1.30	0.00	0.00
10.20	29.90	26.60	23.00	21.40	3.00	1.50	0.00	0.00
10.30	29.90	26.60	23.00	21.40	3.50	1.20	0.00	0.00
10.40	29.70	26.60	23.00	21.40	3.20	1.50	0.00	0.00
10.50	29.80	26.70	23.10	21.60	3.30	1.20	0.00	0.00
10.60	29.80	26.70	23.10	21.60	3.30	1.50	0.00	0.00
10.70	29.80	26.80	23.10	21.50	3.20	1.50	0.00	0.00
10.80	29.60	26.50	23.00	21.40	3.30	1.50	0.00	0.00
10.90	29.60	26.50	23.00	21.40	3.30	1.50	0.00	0.00
11.00	29.70	26.40	23.00	21.50	3.30	1.30	0.00	0.00
11.10	29.70	26.40	23.00	21.50	3.20	1.60	0.00	0.00
11.20	29.50	26.60	23.10	21.50	3.30	1.20	0.00	0.00
11.30	29.60	26.60	23.00	21.40	3.20	1.20	0.00	0.00
11.40	29.60	26.60	23.00	21.40	3.00	1.30	0.00	0.00
11.50	29.40	26.40	23.00	21.50	3.60	1.30	0.00	0.00
11.60	29.40	26.40	23.00	21.50	2.90	1.50	0.00	0.00
11.70	29.30	26.40	22.80	21.40	2.90	1.50	0.00	0.00
11.80	29.40	26.50	22.90	21.50	3.20	1.60	0.00	0.00
11.90	29.30	26.50	23.00	21.40	3.30	1.60	0.00	0.00
12.00	29.30	26.50	23.00	21.40	3.30	1.50	0.00	0.00
12.10	29.40	26.70	23.00	21.50	3.30	1.30	0.00	0.00
12.20	29.40	26.70	23.00	21.50	2.90	1.80	0.00	0.00
12.30	29.30	26.70	23.00	21.50	1.90	1.50	0.00	0.00
12.40	29.50	26.80	23.00	21.60	2.90	1.50	0.00	0.00
12.50	29.50	26.80	23.00	21.60	2.90	1.80	0.00	0.00
12.60	29.20	26.60	23.00	21.50	2.90	1.80	0.00	0.00
12.70	29.30	26.60	23.00	21.60	3.20	1.60	0.00	0.00
12.80	29.30	26.60	23.00	21.60	2.90	1.50	0.00	0.00
12.90	29.30	26.60	23.10	21.50	3.20	1.30	0.00	0.00
13.00	29.30	26.60	23.10	21.50	3.20	1.60	0.00	0.00
13.10	29.10	26.60	23.00	21.40	3.00	1.30	0.00	0.00
13.20	29.10	26.50	23.00	21.40	3.60	1.20	0.00	0.00
13.30	29.10	26.50	23.00	21.40	3.20	1.50	0.00	0.00
13.40	29.20	26.50	22.90	21.50	3.30	1.80	0.00	0.00
13.50	29.10	26.60	23.00	21.50	3.20	1.50	0.00	0.00
13.60	29.10	26.60	23.00	21.50	3.20	1.50	0.00	0.00
13.70	29.10	26.40	22.90	21.40	3.00	0.10	0.00	0.00
13.80	29.20	26.50	23.00	21.50	3.00	1.60	0.00	0.00
13.90	29.20	26.50	23.00	21.50	3.20	1.30	0.00	0.00
14.00	29.10	26.70	23.10	21.40	3.30	1.80	11.39	0.00
14.10	29.30	26.60	23.10	21.60	3.20	1.50	21.71	0.00
14.20	29.30	26.60	23.10	21.60	3.60	1.80	20.80	0.00
14.30	29.20	26.50	22.90	21.30	3.30	1.30	20.16	0.00
14.40	29.30	26.60	22.90	21.40	3.50	1.60	19.68	0.00
14.50	29.30	26.60	22.90	21.40	3.50	1.60	24.00	0.00
14.60	29.40	26.50	23.00	21.60	3.60	1.50	32.76	0.00
14.70	29.40	26.50	23.00	21.60	3.60	1.00	36.09	0.00
14.80	29.50	26.60	23.00	21.50	3.80	1.50	38.29	0.00
14.90	29.40	26.50	23.00	21.40	4.30	1.30	43.69	0.00
15.00	29.40	26.50	23.00	21.40	4.10	1.50	46.96	0.00
15.10	29.70	26.60	23.00	21.40	4.60	1.20	49.04	0.00
15.20	29.90	26.60	23.00	21.50	4.60	1.30	49.92	0.00
15.30	29.90	26.60	23.00	21.50	4.70	1.60	50.33	0.00
15.40	29.90	26.50	22.90	21.40	4.70	1.50	50.47	0.00
15.50	30.00	26.50	23.00	21.40	4.70	1.50	50.50	0.00
15.60	30.00	26.50	23.00	21.40	5.00	1.50	50.52	0.00
15.70	30.20	26.60	23.00	21.50	5.20	1.60	50.71	0.00
15.80	30.40	26.60	23.00	21.60	5.60	1.30	50.86	0.00
15.90	30.40	26.60	23.00	21.60	5.50	1.30	50.88	0.00
16.00	30.60	26.60	23.10	21.50	5.90	1.20	50.83	0.00
16.10	30.50	26.60	23.00	21.40	5.90	1.30	50.70	0.00
16.20	30.50	26.60	23.00	21.40	5.90	1.50	50.70	0.00
16.30	30.70	26.70	23.10	21.60	5.80	1.30	50.57	0.00
16.40	31.00	26.50	23.00	21.50	5.80	1.30	50.47	0.00
16.50	31.00	26.50	23.00	21.50	6.40	1.30	50.37	0.00
16.60	31.00	26.60	23.00	21.60	6.70	1.20	50.27	0.00
16.70	31.00	26.60	23.00	21.60	6.70	1.30	50.18	0.00
16.80	31.30	26.60	22.90	21.40	6.90	1.20	50.10	0.00
16.90	31.10	26.60	23.10	21.30	6.70	1.20	50.04	0.00
17.00	31.10	26.60	23.10	21.30	6.90	1.20	50.00	0.00
17.10	31.30	26.70	23.10	21.60	7.20	1.50	49.93	0.00
17.20	31.20	26.50	22.90	21.40	7.30	1.20	49.82	0.00
17.30	31.20	26.50	22.90	21.40	7.80	1.30	49.78	0.00
17.40	31.60	26.60	23.10	21.60	7.80	1.30	49.70	0.00
17.50	31.60	26.60	23.10	21.60	7.50	1.80	49.65	0.00
17.60	31.60	26.60	23.00	21.50	7.80	1.50	49.54	0.00
17.70	31.60	26.50	22.90	21.30	8.30	1.30	49.34	0.00
17.80	31.60	26.50	22.90	21.30	7.90	1.50	49.30	0.00
17.90	31.50	26.60	22.90	21.40	8.10	1.50	49.33	0.00
18.00	31.70	26.60	23.00	21.50	8.60	1.50	49.35	0.00
18.10	31.70	26.60	23.00	21.50	8.90	1.50	49.33	0.00
18.20	31.80	26.50	23.00	21.40	8.60	1.60	49.30	0.00
18.30	31.80	26.50	23.00	21.50	8.90	1.80	49.29	0.00
18.40	31.80	26.50	23.00	21.50	8.90	1.80	49.29	0.00
18.50	31.70	26.50	23.00	21.50	9.60	1.60	49.28	0.00
18.60	31.70	26.50	23.00	21.50	9.30	1.80	49.22	0.00
18.70	31.80	26.50	23.00	21.40	9.80	1.30	49.24	0.00
18.80	32.00	26.60	23.00	21.60	9.00	1.80	49.25	0.00
18.90	32.00	26.60	23.00	21.60	9.60	1.50	49.46	0.00
19.00	32.00	26.60	23.10	21.60	9.80	1.30	49.74	0.00
19.10	32.10	26.60	23.00	21.40	9.90	1.50	49.82	0.00
19.20	32.10	26.60	23.00	21.40	10.30	1.60	49.88	0.00
19.30	32.10	26.60	23.00	21.50	10.30	1.60	49.94	0.00
19.40	32.10	26.40	23.10	21.40	10.40	1.00	50.00	0.00
19.50	32.10	26.40	23.10	21.40	10.70	1.50	50.00	0.00
19.60	32.10	26.60	23.00	21.40	10.70	1.30	50.05	0.00
19.70	32.00	26.60	23.00	21.50	10.60	1.60	50.02	0.00
19.80	32.00	26.60	23.00	21.50	10.90	1.20	50.01	0.00
19.90	32.00	26.40	22.90	21.50	11.00	1.60	49.95	0.00
20.00	32.10	26.60	23.00	21.50	10.70	1.30	49.95	0.00
20.10	32.10	26.60	23.00	21.50	11.00	1.00	49.94	0.00
20.20	32.20	26.60	23.10	21.50	12.10	1.00	49.95	0.00
20.30	32.30	26.70	23.00	21.40	12.10	1.00	49.95	0.00
20.40	32.30	26.70	23.00	21.40	11.60	1.60	49.91	0.00
20.50	32.10	26.60	23.10	21.50	11.90	1.30	49.88	0.00
20.60	32.10	26.60	23.10	21.50	12.10	1.50	49.91	0.00
20.70	32.30	26.50	23.00	21.60	11.80	2.20	49.87	0.00
20.80	32.30	26.50	23.00	21.60	12.10	1.30	49.88	0.00
20.90	32.30	26.50	23.00	21.60	12.40	1.20	49.82	0.00
21.00	32.40	26.60	23.10	21.50	12.60	1.20	49.87	0.00
21.10	32.50	26.70	23.10	21.40	12.60	1.00	50.56	0.00
21.20	32.50	26.70	23.10	21.40	12.90	1.30	50.53	0.00
21.30	32.50	26.60	23.00	21.50	12.90	1.30	50.53	0.00
21.40	32.50	26.60	23.00	21.50	13.20	1.50	50.50	0.00
21.50	32.60	26.60	23.00	21.60	13.20	1.50	50.44	0.00
21.60	32.40	26.60	22.90	21.40	13.30	1.90	50.41	0.00
21.70	32.40	26.60	22.90	21.40	13.20	1.30	50.38	0.00
21.80	32.50	26.60	23.00	21.60	13.90	1.30	50.40	0.00
21.90	32.60	26.50	23.00	21.40	14.10	1.20	50.39	0.00
22.00	32.60	26.50	23.00	21.40	14.30	1.50	50.39	0.00
22.10	32.70	26.70	23.00	21.60	13.80	1.50	50.34	0.00
22.20	32.50	26.60	23.10	21.50	13.80	1.50	50.33	0.00
22.30	32.50	26.60	23.10	21.50	14.10	1.50	50.37	0.00
22.40	32.50	26.60	23.00	21.50	15.00	1.30	50.34	0.00
22.50	32.60	26.60	23.10	21.50	14.70	1.30	50.26	0.00
22.60	32.60	26.60	23.10	21.50	14.60	1.20	50.27	0.00
22.70	32.80	26.80	23.20	21.50	15.00	1.60	50.24	0.00
22.80	32.80	26.80	23.20	21.50	15.20	1.50	50.25	0.00
22.90	32.70	26.50	22.90	21.50	15.20	1.50	50.17	0.00
23.00	32.80	26.70	23.00	21.40	15.30	1.30	50.15	0.00
23.10	32.80	26.70	23.00	21.40	15.30	1.30	50.15	0.00
23.20	32.60	26.60	22.90	21.30	15.20	1.50	50.11	0.00
23.30	32.70	26.50	23.00	21.40	15.60	1.30	50.12	0.00
23.40	32.70	26.50	23.00	21.40	15.60	1.50	50.11	0.00
23.50	32.80	26.50	23.00	21.30	15.90	1.30	50.05	0.00
23.60	32.90	26.50	23.00	21.40	16.10	1.00	50.04	0.00
23.70	32.90	26.50	23.00	21.40	16.10	1.50	50.05	0.00
23.80	32.80	26.50	23.10	21.50	16.40	1.50	50.04	0.00
23.90	32.80	26.60	23.00	21.60	16.60	1.00	50.01	0.00
24.00	32.80	26.60	23.00	21.60	16.60	1.60	50.00	0.00
24.10	32.80	26.50	23.00	21.50	16.60	1.60	49.96	0.00
24.20	32.70	26.60	23.10	21.60	16.60	1.50	49.93	0.00
24.30	32.70	26.60	23.10	21.60	17.20	1.30	49.92	0.00
24.40	32.80	26.50	23.00	21.50	17.20	1.30	49.92	0.00
24.50	33.00	26.50	23.10	21.50	17.00	1.50	49.88	0.00
24.60	33.00	26.50	23.10	21.50	17.50	1.20	49.86	0.00
24.70	33.10	26.60	23.00	21.50	17.00	1.60	49.85	0.00
24.80	32.90	26.50	23.10	21.60	17.90	1.50	49.82	0.00
24.90	32.90	26.50	23.10	21.60	17.60	1.50	49.81	0.00
25.00	32.90	26.50	23.10	21.50	17.60	1.50	49.79	0.00
25.10	32.90	26.50	23.10	21.50	18.30	1.50	49.78	0.00
25.20	32.90	26.50	23.00	21.40	17.90	1.60	49.75	0.00
25.30	33.00	26.60	22.90	21.40	18.70	1.60	49.76	0.00
25.40	33.00	26.60	22.90	21.40	18.70	1.30	49.72	0.00
25.50	33.00	26.70	23.10	21.40	18.90	1.20	49.69	0.00
25.60	33.00	26.50	23.00	21.40	18.40	1.30	49.70	0.00
25.70	33.00	26.50	23.00	21.40	19.00	1.80	49.66	0.00
25.80	33.10	26.50	23.00	21.40	19.20	1.50	49.66	0.00
25.90	33.00	26.60	23.10	21.50	19.20	1.50	49.66	0.00
26.00	33.00	26.60	23.10	21.50	19.00	1.30	49.60	0.00
26.10	32.90	26.60	22.90	21.50	19.30	1.30	49.61	0.00
26.20	32.90	26.60	22.90	21.50	19.30	1.50	49.57	0.00
26.30	33.10	26.50	23.00	21.50	19.60	1.30	49.57	0.00
26.40	33.10	26.50	23.00	21.50	19.90	1.60	49.53	0.00
26.50	33.10	26.50	23.00	21.50	19.90	1.30	49.51	0.00
26.60	33.00	26.50	22.90	21.40	20.30	1.60	49.46	0.00
26.70	33.00	26.50	22.90	21.40	20.30	1.80	49.46	0.00
26.80	33.10	26.70	23.10	21.60	20.30	1.80	49.44	0.00
26.90	33.20	26.70	23.10	21.60	20.60	1.50	49.43	0.00
27.00	33.20	26.70	23.10	21.60	20.70	1.50	49.38	0.00
27.10	33.00	26.50	23.00	21.40	20.70	1.30	49.61	0.00
27.20	33.20	26.60	23.10	21.40	21.00	1.50	50.23	0.00
27.30	33.20	26.60	23.10	21.40	21.00	1.50	50.65	0.00
27.40	33.30	26.60	23.10	21.60	21.30	1.30	50.76	0.00
27.50	33.30	26.60	23.00	21.30	21.50	1.30	50.70	0.00
27.60	33.30	26.60	23.00	21.30	21.80	1.30	50.70	0.00
27.70	33.30	26.70	23.10	21.50	21.60	1.50	50.69	0.00
27.80	33.20	26.60	23.00	21.40	21.60	1.50	50.64	0.00
27.90	33.20	26.60	23.00	21.40	21.90	1.50	50.63	0.00
28.00	33.40	26.60	23.00	21.50	21.80	1.50	50.62	0.00
28.10	32.90	26.60	23.00	21.40	21.90	1.30	50.59	0.00
28.20	32.90	26.60	23.00	21.40	22.10	1.50	50.51	0.00
28.30	33.10	26.50	22.90	21.30	21.90	1.30	50.53	0.00
28.40	33.10	26.60	23.00	21.60	22.70	1.50	50.52	0.00
28.50	33.10	26.60	23.00	21.60	22.90	1.30	50.49	0.00
28.60	33.10	26.60	23.00	21.40	22.70	1.50	50.49	0.00
28.70	33.20	26.60	22.90	21.40	22.70	1.50	50.49	0.00
28.80	33.20	26.60	22.90	21.40	23.50	1.30	50.49	0.00
28.90	33.30	26.60	23.00	21.50	23.20	1.60	50.44	0.00
29.00	33.30	26.60	23.00	21.50	23.60	1.60	50.40	0.00
29.10	33.40	26.60	23.00	21.40	23.50	1.30	50.37	0.00
29.20	33.20	26.60	23.10	21.50	23.80	1.90	50.33	0.00
29.30	33.20	26.60	23.10	21.50	23.50	1.50	50.32	0.00
29.40	33.30	26.70	23.00	21.50	23.90	1.50	50.28	0.00
29.50	33.30	26.60	23.20	21.50	23.90	1.60	50.20	0.00
29.60	33.30	26.60	23.20	21.50	23.90	1.30	50.19	0.00
29.70	33.30	26.60	23.10	21.50	23.90	1.30	50.17	0.00
29.80	33.30	26.60	23.10	21.50	24.40	1.20	50.17	0.00
29.90	33.30	26.50	23.00	21.50	24.40	1.00	50.07	0.00
30.00	33.30	26.50	23.00	21.50	24.70	1.50	50.08	0.00
30.10	33.30	26.50	23.00	21.30	24.90	1.50	50.07	0.00
30.20	33.40	26.70	23.00	21.50	24.90	1.20	50.02	0.00
30.30	33.40	26.70	23.00	21.50	24.90	1.30	50.00	0.00
30.40	33.30	26.70	23.10	21.50	25.20	1.50	49.99	0.00
30.50	33.20	26.60	22.90	21.50	25.20	1.60	49.96	0.00
30.60	33.20	26.60	22.90	21.50	25.60	1.60	49.92	0.00
30.70	33.30	26.60	23.10	21.70	25.60	1.80	49.91	0.00
30.80	33.50	26.70	23.10	21.50	25.60	1.30	49.88	0.00
30.90	33.50	26.70	23.10	21.50	25.90	1.30	49.81	0.00
31.00	33.30	26.50	23.00	21.40	26.30	1.20	49.81	0.00
31.10	33.30	26.50	23.00	21.40	26.40	1.30	49.80	0.00
31.20	33.40	26.60	23.10	21.40	26.60	1.30	49.80	0.00
31.30	33.30	26.60	22.90	21.50	26.10	1.30	49.74	0.00
31.40	33.30	26.60	22.90	21.50	26.40	1.60	49.75	0.00
31.50	33.30	26.70	23.10	21.50	26.90	1.80	49.72	0.00
31.60	33.30	26.70	23.10	21.50	26.90	1.80	49.67	0.00
31.70	33.30	26.40	23.00	21.50	27.20	1.00	49.62	0.00
31.80	33.30	26.60	23.00	21.30	27.00	1.20	49.63	0.00
31.90	33.30	26.60	23.00	21.30	27.20	1.30	49.61	0.00
32.00	33.30	26.60	23.10	21.50	27.00	1.60	49.55	0.00
32.10	33.40	26.50	23.00	21.40	27.50	1.30	49.57	0.00
32.20	33.50	26.70	23.10	21.50	27.60	1.00	49.53	0.00
32.30	33.50	26.70	23.10	21.50	27.80	1.30	49.48	0.00
32.40	33.30	26.50	23.10	21.40	27.80	1.30	49.48	0.00
32.50	33.30	26.50	23.10	21.40	27.80	1.30	49.47	0.00
32.60	33.30	26.60	23.00	21.40	28.30	1.20	49.44	0.00
32.70	33.60	26.80	23.20	21.60	28.10	1.30	49.44	0.00
32.80	33.30	26.70	23.00	21.50	28.40	1.50	49.40	0.00
32.90	33.30	26.70	23.00	21.50	28.40	1.30	49.42	0.00
33.00	33.40	26.70	23.10	21.50	28.90	1.20	49.40	0.00
33.10	33.40	26.70	23.10	21.50	28.70	1.30	49.38	0.00
33.20	33.30	26.50	22.90	21.50	28.70	1.50	49.38	0.00
33.30	33.40	26.70	23.00	21.40	29.00	1.30	49.40	0.00
33.40	33.40	26.70	23.00	21.40	29.00	1.30	49.35	0.00
33.50	33.50	26.70	23.10	21.60	29.30	1.50	49.35	0.00
33.60	33.50	26.70	23.10	21.60	29.80	1.30	49.29	0.00
33.70	33.40	26.70	23.00	21.50	29.80	1.50	49.35	0.00
33.80	33.50	26.60	23.20	21.50	29.80	1.80	49.91	0.00
33.90	33.50	26.60	23.20	21.50	29.60	1.30	50.39	0.00
34.00	33.30	26.80	23.10	21.70	29.80	1.90	50.71	0.00
34.10	33.40	26.50	23.00	21.40	30.30	1.30	50.81	0.00
34.20	33.40	26.50	23.00	21.40	30.00	1.30	50.82	0.00
34.30	33.40	26.70	23.10	21.50	30.60	1.60	50.75	0.00
34.40	33.40	26.60	23.00	21.40	30.60	1.30	50.75	0.00
34.50	33.40	26.60	23.00	21.40	30.60	1.50	50.65	0.00
34.60	33.30	26.50	23.00	21.40	30.90	1.30	50.62	0.00
34.70	33.60	26.60	23.10	21.60	31.20	1.60	50.57	0.00
34.80	33.60	26.60	23.10	21.60	31.00	1.60	50.53	0.00
34.90	33.40	26.60	22.90	21.40	31.20	1.60	50.51	0.00
35.00	33.40	26.60	22.90	21.40	31.60	1.80	50.45	0.00
35.10	33.50	26.60	23.00	21.40	31.20	1.50	50.43	0.00
35.20	33.40	26.70	23.00	21.50	31.80	1.50	50.43	0.00
35.30	33.40	26.70	23.00	21.50	31.80	1.50	50.38	0.00
35.40	33.50	26.50	22.90	21.40	32.00	1.30	50.36	0.00
35.50	33.60	26.50	23.10	21.60	32.30	1.60	50.32	0.00
35.60	33.60	26.50	23.10	21.60	32.30	1.50	50.30	0.00
35.70	33.50	26.50	23.10	21.60	32.30	1.60	50.26	0.00
35.80	33.30	26.60	23.00	21.40	32.30	1.30	50.23	0.00
35.90	33.30	26.60	23.00	21.40	32.70	1.30	50.20	0.00
36.00	33.50	26.60	23.00	21.60	32.70	1.30	50.17	0.00
36.10	33.40	26.60	23.10	21.60	32.60	1.30	50.11	0.00
36.20	33.40	26.60	23.10	21.60	32.60	1.30	50.08	0.00
36.30	33.60	26.60	23.10	21.60	33.50	1.50	50.02	0.00
36.40	33.50	26.40	23.00	21.60	33.30	1.80	50.01	0.00
36.50	33.50	26.40	23.00	21.60	33.80	1.60	49.95	0.00
36.60	33.40	26.50	23.00	21.30	33.80	1.30	49.89	0.00
36.70	33.40	26.40	23.00	21.40	33.60	1.60	49.87	0.00
36.80	33.40	26.40	23.00	21.40	34.10	1.50	49.88	0.00
36.90	33.60	26.50	23.00	21.40	34.00	1.50	49.83	0.00
37.00	33.50	26.70	23.10	21.60	34.60	1.60	49.82	0.00
37.10	33.50	26.70	23.10	21.60	34.40	1.60	49.79	0.00
37.20	33.50	26.60	23.10	21.50	34.40	1.60	49.74	0.00
37.30	33.50	26.50	23.00	21.40	34.60	1.30	49.74	0.00
37.40	33.50	26.50	23.00	21.40	34.60	1.20	49.69	0.00
37.50	33.50	26.50	23.00	21.50	34.70	1.30	49.63	0.00
37.60	33.40	26.40	23.10	21.50	35.00	1.50	49.60	0.00
37.70	33.40	26.40	23.10	21.50	35.30	1.80	49.57	0.00
37.80	33.50	26.40	23.10	21.50	35.00	1.50	49.51	0.00
37.90	33.50	26.40	23.10	21.50	35.30	1.60	49.54	0.00
38.00	33.60	26.50	23.10	21.40	35.30	1.00	49.50	0.00
38.10	33.40	26.60	23.10	21.60	35.30	1.30	49.44	0.00
38.20	33.40	26.60	23.10	21.60	35.80	1.00	49.43	0.00
38.30	33.60	26.50	23.10	21.50	35.80	1.20	49.40	0.00
38.40	33.30	26.30	23.00	21.40	35.80	1.20	49.35	0.00
38.50	33.30	26.30	23.00	21.40	36.40	1.60	49.34	0.00
38.60	33.40	26.40	23.00	21.50	36.10	1.60	49.28	0.00
38.70	33.60	26.40	23.10	21.50	36.60	1.80	49.27	0.00
38.80	33.60	26.40	23.10	21.50	36.90	1.60	49.23	0.00
38.90	33.60	26.40	23.10	21.40	36.60	1.30	49.38	0.00
39.00	33.50	26.40	23.00	21.50	36.90	1.50	49.94	0.00
39.10	33.50	26.40	23.00	21.50	36.90	1.50	50.30	0.00
39.20	33.40	26.50	23.00	21.50	37.20	1.30	50.49	0.00
39.30	33.40	26.50	23.00	21.50	37.30	1.30	50.49	0.00
39.40	33.50	26.50	23.10	21.50	37.60	1.30	50.46	0.00
39.50	33.40	26.50	23.10	21.50	37.20	1.20	50.39	0.00
39.60	33.30	26.50	23.10	21.50	38.00	1.30	50.34	0.00
39.70	33.30	26.50	23.10	21.50	37.80	1.50	50.33	0.00
39.80	33.50	26.40	23.10	21.50	37.60	1.80	50.28	0.00
39.90	33.40	26.40	22.90	21.50	37.60	1.20	50.25	0.00
40.00	33.40	26.40	22.90	21.50	38.40	1.60	50.18	0.00
40.10	33.40	26.40	23.10	21.50	38.40	1.60	50.12	0.00
40.20	33.40	26.40	23.00	21.50	38.30	1.60	50.08	0.00
40.30	33.40	26.40	23.00	21.50	38.90	1.90	50.06	0.00
40.40	33.60	26.40	23.00	21.40	38.70	1.20	50.02	0.00
40.50	33.40	26.60	23.20	21.60	38.70	1.80	49.99	0.00
40.60	33.40	26.60	23.20	21.60	38.30	1.60	50.02	0.00
40.70	33.40	26.40	23.00	21.40	39.20	1.20	49.95	0.00
40.80	33.40	26.40	23.00	21.40	39.30	1.50	49.92	0.00
40.90	33.50	26.70	23.20	21.60	39.20	1.80	49.83	0.00
41.00	33.30	26.40	23.00	21.40	39.20	1.80	49.83	0.00
41.10	33.30	26.40	23.00	21.40	40.00	1.50	49.79	0.00
41.20	33.40	26.40	23.00	21.40	39.60	1.30	49.76	0.00
41.30	33.30	26.50	23.10	21.40	40.00	1.20	49.68	0.00
41.40	33.30	26.50	23.10	21.40	40.10	1.30	49.63	0.00
41.50	33.40	26.40	23.10	21.50	40.00	1.60	49.59	0.00
41.60	33.30	26.50	22.90	21.40	40.40	1.20	49.56	0.00
41.70	33.30	26.50	22.90	21.40	39.50	1.50	49.55	0.00
41.80	33.40	26.50	23.10	21.40	40.40	1.30	49.51	0.00
41.90	33.40	26.50	23.10	21.40	40.60	1.50	49.44	0.00
42.00	33.40	26.40	23.00	21.40	40.60	1.50	49.41	0.00
42.10	33.40	26.40	23.00	21.60	41.20	1.50	49.41	0.00
42.20	33.40	26.40	23.00	21.60	41.00	1.60	50.11	0.00
42.30	33.40	26.40	23.00	21.40	41.50	1.60	50.44	0.00
42.40	33.60	26.40	23.10	21.60	41.50	1.60	50.57	0.00
42.50	33.60	26.40	23.10	21.60	41.80	1.50	50.54	0.00
42.60	33.50	26.60	23.10	21.50	41.30	1.60	50.44	0.00
42.70	33.50	26.50	23.00	21.50	41.60	1.20	50.40	0.00
42.80	33.50	26.50	23.00	21.50	42.10	1.20	50.32	0.00
42.90	33.20	26.40	23.10	21.50	42.10	1.20	50.28	0.00
43.00	33.20	26.40	23.10	21.50	42.40	1.30	50.27	0.00
43.10	33.40	26.50	23.10	21.50	42.00	1.30	50.15	0.00
43.20	33.30	26.40	23.00	21.40	42.60	1.60	50.14	0.00
43.30	33.30	26.40	23.00	21.40	42.40	1.60	50.07	0.00
43.40	33.30	26.50	23.00	21.50	42.40	1.50	50.06	0.00
43.50	33.20	26.50	23.10	21.60	42.70	1.30	50.02	0.00
43.60	33.20	26.50	23.10	21.60	42.90	1.20	49.96	0.00
43.70	33.30	26.50	23.10	21.50	43.20	1.30	49.89	0.00
43.80	33.30	26.50	23.10	21.50	43.20	1.30	49.88	0.00
43.90	33.30	26.50	23.10	21.50	43.20	1.30	49.79	0.00
44.00	33.30	26.30	23.00	21.30	43.80	1.30	49.76	0.00
44.10	33.30	26.30	23.00	21.30	43.30	1.30	49.73	0.00
44.20	33.40	26.40	23.20	21.50	44.00	1.50	49.68	0.00
44.30	33.40	26.50	23.10	21.60	44.00	1.30	49.66	0.00
44.40	33.40	26.50	23.10	21.60	44.40	1.30	49.60	0.00
44.50	33.40	26.50	23.10	21.60	44.10	1.30	49.59	0.00
44.60	33.50	26.50	23.10	21.60	44.30	1.00	49.47	0.00
44.70	33.50	26.50	23.10	21.60	44.40	1.30	49.47	0.00
44.80	33.30	26.40	23.10	21.50	44.60	1.50	49.42	0.00
44.90	33.50	26.40	23.00	21.30	44.60	1.50	49.48	0.00
45.00	33.50	26.40	23.00	21.30	44.90	1.30	50.14	0.00
45.10	33.60	26.50	23.10	21.50	44.90	1.30	50.33	0.00
45.20	33.60	26.50	23.10	21.50	45.20	1.30	50.30	0.00
45.30	33.40	26.50	23.10	21.50	45.00	1.20	50.24	0.00
45.40	33.20	26.50	23.10	21.60	44.90	1.20	50.19	0.00
45.50	33.20	26.50	23.10	21.60	45.30	1.30	50.11	0.00
45.60	33.20	26.30	22.90	21.40	45.50	1.50	50.06	0.00
45.70	33.40	26.40	22.90	21.50	46.30	1.30	50.06	0.00
45.80	33.40	26.40	22.90	21.50	46.30	1.30	50.02	0.00
45.90	33.40	26.40	23.00	21.50	46.10	1.50	49.93	0.00
46.00	33.30	26.40	23.10	21.40	46.40	1.60	49.91	0.00
46.10	33.30	26.40	23.10	21.40	46.30	1.30	49.79	0.00
46.20	33.30	26.40	23.10	21.50	46.60	1.50	49.76	0.00
46.30	33.30	26.40	23.10	21.50	46.40	1.50	49.69	0.00
46.40	33.30	26.40	23.10	21.50	46.90	1.20	49.66	0.00
46.50	33.50	26.40	23.00	21.40	46.90	1.20	49.66	0.00
46.60	33.20	26.50	23.20	21.50	47.20	1.30	49.60	0.00
46.70	33.20	26.50	23.20	21.50	47.20	1.30	49.55	0.00
46.80	33.20	26.40	23.00	21.40	47.00	1.50	50.02	0.00
46.90	33.20	26.40	23.10	21.50	47.20	1.30	50.25	0.00
47.00	33.20	26.40	23.10	21.50	47.80	1.20	50.26	0.00
47.10	33.20	26.40	23.20	21.50	47.80	1.50	50.21	0.00
47.20	33.20	26.40	23.10	21.40	47.80	1.30	50.15	0.00
47.30	33.20	26.40	23.10	21.40	47.50	1.50	50.10	0.00
47.40	33.50	26.50	23.10	21.60	47.60	1.80	50.02	0.00
47.50	33.30	26.50	23.10	21.50	48.40	1.60	50.00	0.00
47.60	33.30	26.50	23.10	21.50	48.40	1.60	49.92	0.00
47.70	33.30	26.60	23.10	21.40	48.40	1.20	49.88	0.00
47.80	33.30	26.40	23.10	21.40	48.60	2.10	49.80	0.00
47.90	33.30	26.40	23.10	21.40	48.90	1.60	49.75	0.00
48.00	33.30	26.50	23.00	21.30	48.90	1.60	49.63	0.00
48.10	33.30	26.50	23.00	21.30	49.20	1.00	49.65	0.00
48.20	33.20	26.40	23.00	21.50	49.20	1.60	49.59	0.00
48.30	33.50	26.50	23.20	21.50	49.50	1.60	50.26	0.00
48.40	33.50	26.50	23.20	21.50	49.50	1.60	50.36	0.00
48.50	33.20	26.40	22.90	21.40	49.50	1.60	50.25	0.00
48.60	33.40	26.60	23.30	21.60	49.60	0.80	50.19	0.00
48.70	33.40	26.60	23.30	21.60	49.60	1.50	50.18	0.00
48.80	33.40	26.40	23.00	21.50	50.10	1.30	50.10	0.00
48.90	33.30	26.40	22.90	21.40	50.00	1.50	50.02	0.00
49.00	33.30	26.40	22.90	21.40	50.10	1.50	49.99	0.00
49.10	33.40	26.50	23.10	21.60	50.10	1.50	49.94	0.00
49.20	33.10	26.50	23.20	21.50	50.40	1.80	49.85	0.00
49.30	33.10	26.50	23.20	21.50	50.90	1.50	49.78	0.00
49.40	33.20	26.50	23.10	21.50	50.90	1.50	49.75	0.00
49.50	33.20	26.40	23.00	21.30	51.20	1.50	49.66	0.00
49.60	33.20	26.40	23.00	21.30	50.90	1.50	49.61	0.00
49.70	33.20	26.40	23.00	21.40	51.20	1.50	49.56	0.00
49.80	33.30	26.50	23.10	21.50	51.50	1.30	49.85	0.00
49.90	33.30	26.50	23.10	21.50	51.60	1.20	50.18	0.00
50.00	33.30	26.50	23.10	21.50	51.50	1.00	50.28	0.00
50.10	33.30	26.40	23.00	21.40	51.80	1.30	50.20	0.00
50.20	33.30	26.40	23.00	21.40	51.50	1.60	50.19	0.00
50.30	33.20	26.50	23.00	21.50	51.60	1.20	50.14	0.00
50.40	33.30	26.50	23.20	21.50	51.60	1.20	49.98	0.00
50.50	33.30	26.50	23.20	21.50	52.40	1.20	49.92	0.00
50.60	33.30	26.60	23.10	21.60	52.60	1.60	49.85	0.00
50.70	33.30	26.50	23.10	21.50	52.60	1.60	49.81	0.00
50.80	33.30	26.50	23.10	21.50	52.60	1.30	49.69	0.00
50.90	33.20	26.40	23.00	21.40	52.70	1.30	49.67	0.00
51.00	33.50	26.50	23.10	21.50	52.90	1.00	49.61	0.00
51.10	33.50	26.50	23.10	21.50	52.90	1.50	49.55	0.00
51.20	33.40	26.50	23.20	21.50	52.90	1.30	49.94	0.00
51.30	33.50	26.50	23.20	21.50	53.30	1.90	50.28	0.00
51.40	33.50	26.50	23.20	21.50	53.30	1.90	50.32	0.00
51.50	33.30	26.40	22.90	21.50	53.60	1.60	50.28	0.00
51.60	33.30	26.40	22.90	21.50	53.50	1.50	50.17	0.00
51.70	33.20	26.50	23.10	21.50	54.10	1.80	50.07	0.00
51.80	33.10	26.50	23.10	21.50	53.80	1.50	50.04	0.00
51.90	33.10	26.50	23.10	21.50	54.30	1.30	49.95	0.00
52.00	33.10	26.40	23.00	21.40	54.40	1.30	49.89	0.00
52.10	33.20	26.30	23.00	21.50	54.30	1.50	49.79	0.00
52.20	33.20	26.30	23.00	21.50	54.90	1.60	49.68	0.00
52.30	33.20	26.50	23.00	21.50	54.90	1.60	49.66	0.00
52.40	33.20	26.50	23.00	21.40	54.60	1.50	49.67	0.00
52.50	33.20	26.50	23.00	21.40	54.70	1.00	50.15	0.00
52.60	33.30	26.50	23.20	21.50	54.70	1.30	50.26	0.00
52.70	33.20	26.40	23.00	21.40	54.70	1.00	50.18	0.00
52.80	33.20	26.40	23.00	21.40	55.60	1.30	50.12	0.00
52.90	33.20	26.40	23.10	21.40	55.60	1.60	50.01	0.00
53.00	33.20	26.40	23.00	21.60	55.60	1.30	49.96	0.00
53.10	33.20	26.40	23.00	21.60	55.50	1.60	49.87	0.00
53.20	33.20	26.40	23.00	21.50	56.10	1.50	49.86	0.00
53.30	33.30	26.50	23.10	21.50	56.10	1.50	49.68	0.00
53.40	33.30	26.50	23.10	21.50	55.80	1.50	49.62	0.00
53.50	33.30	26.50	23.10	21.60	56.10	1.50	49.61	0.00
53.60	33.30	26.50	23.10	21.60	56.30	1.50	50.12	0.00
53.70	33.10	26.40	23.10	21.50	56.70	1.30	50.30	0.00
53.80	33.20	26.50	23.10	21.60	56.60	1.30	50.24	0.00
53.90	33.20	26.50	23.10	21.60	56.70	1.50	50.10	0.00
54.00	33.10	26.30	23.10	21.40	57.00	1.00	50.07	0.00
54.10	33.20	26.50	23.10	21.60	57.50	1.30	49.95	0.00
54.20	33.20	26.50	23.10	21.60	57.00	1.20	49.87	0.00
54.30	33.20	26.50	23.10	21.40	57.00	1.20	49.78	0.00
54.40	33.10	26.30	22.90	21.30	57.50	1.20	49.65	0.00
54.50	33.10	26.30	22.90	21.30	58.00	1.30	49.59	0.00
54.60	33.10	26.40	23.20	21.50	57.30	1.30	50.06	0.00
54.70	33.10	26.30	23.10	21.50	57.60	1.50	50.25	0.00
54.80	33.10	26.30	23.10	21.50	57.50	1.30	50.19	0.00
54.90	33.20	26.40	23.10	21.60	58.30	1.60	50.07	0.00
55.00	33.20	26.40	23.10	21.60	58.10	1.50	49.95	0.00
55.10	33.30	26.50	23.20	21.70	58.60	1.50	49.88	0.00
55.20	33.10	26.40	23.10	21.50	58.90	1.50	49.75	0.00
55.30	33.10	26.40	23.10	21.50	58.60	1.50	49.65	0.00
55.40	33.10	26.40	23.10	21.40	58.90	1.30	49.60	0.00
55.50	33.20	26.40	23.20	21.40	59.20	1.50	50.15	0.00
55.60	33.20	26.40	23.20	21.40	59.00	1.20	50.23	0.00
55.70	33.30	26.40	23.00	21.40	59.00	1.20	50.20	0.00
55.80	33.30	26.40	23.00	21.40	59.30	1.20	50.10	0.00
55.90	33.10	26.60	23.10	21.40	59.50	1.30	49.98	0.00
56.00	33.10	26.50	23.10	21.60	59.60	1.50	49.86	0.00
56.10	33.10	26.50	23.10	21.60	59.60	1.80	49.78	0.00
56.20	33.40	26.60	23.10	21.60	59.60	1.80	49.67	0.00
56.30	33.40	26.60	23.10	21.60	60.00	1.60	49.60	0.00
56.40	33.10	26.40	23.10	21.50	60.10	1.50	49.96	0.00
56.50	33.30	26.50	23.20	21.70	60.60	1.60	50.31	0.00
56.60	33.30	26.50	23.20	21.70	60.40	1.50	50.30	0.00
56.70	33.20	26.60	23.10	21.50	60.70	1.00	50.18	0.00
56.80	33.20	26.50	23.20	21.60	60.60	1.50	50.13	0.00
56.90	33.20	26.50	23.20	21.60	60.90	1.60	49.96	0.00
57.00	33.20	26.40	23.00	21.50	60.70	1.30	49.89	0.00
57.10	33.10	26.40	23.00	21.40	61.00	1.50	49.74	0.00
57.20	33.10	26.40	23.00	21.40	61.00	1.50	49.61	0.00
57.30	33.30	26.50	23.30	21.60	61.60	1.30	49.44	0.00
57.40	33.20	26.50	23.10	21.60	61.60	1.50	49.73	0.00
57.50	33.20	26.50	23.10	21.60	61.60	1.30	50.27	0.00
57.60	33.10	26.40	23.10	21.30	61.80	1.60	50.33	0.00
57.70	33.10	26.40	23.10	21.30	61.60	1.20	50.13	0.00
57.80	33.20	26.50	23.30	21.50	61.80	1.50	50.00	0.00
57.90	33.20	26.50	23.10	21.50	62.90	1.20	49.91	0.00
58.00	33.20	26.50	23.10	21.50	62.40	1.30	49.79	0.00
58.10	33.20	26.50	23.10	21.50	62.40	1.30	49.67	0.00
58.20	33.10	26.40	23.10	21.50	62.40	1.30	50.04	0.00
58.30	33.10	26.40	23.10	21.50	62.90	1.30	50.30	0.00
58.40	33.10	26.40	23.20	21.50	62.90	1.50	50.19	0.00
58.50	33.10	26.40	23.20	21.50	62.60	1.30	50.04	0.00
58.60	33.20	26.50	23.00	21.60	63.00	1.30	49.88	0.00
58.70	33.10	26.40	23.00	21.50	63.30	1.60	49.79	0.00
58.80	33.10	26.40	23.00	21.50	63.30	1.60	49.68	0.00
58.90	33.10	26.50	23.20	21.50	63.60	1.60	50.19	0.00
59.00	33.10	26.50	23.10	21.60	63.60	1.50	50.40	0.00
59.10	33.10	26.50	23.10	21.60	63.60	1.50	50.23	0.00
59.20	33.20	26.50	23.10	21.60	63.80	1.60	50.10	0.00
59.30	33.20	26.50	23.10	21.60	64.10	1.50	49.98	0.00
59.40	33.20	26.50	23.20	21.60	64.10	1.50	49.81	0.00
59.50	33.10	26.20	23.00	21.50	64.00	1.60	49.69	0.00
59.60	33.10	26.20	23.00	21.50	64.40	1.80	49.57	0.00
59.70	33.20	26.50	23.20	21.50	64.60	1.60	49.86	0.00
59.80	33.20	26.50	23.20	21.60	64.70	1.50	50.28	0.00
59.90	33.20	26.50	23.20	21.60	64.70	1.30	50.33	0.00
60.00	33.10	26.30	23.10	21.50	64.70	1.30	50.24	0.00
60.10	33.10	26.50	23.10	21.70	64.90	1.50	50.05	0.00
60.20	33.10	26.50	23.10	21.70	65.00	1.30	49.91	0.00
60.30	33.00	26.50	22.90	21.40	65.50	1.60	49.75	0.00
60.40	33.10	26.50	23.20	21.50	65.50	1.80	49.62	0.00
60.50	33.10	26.50	23.20	21.50	65.80	1.60	49.48	0.00
60.60	32.90	26.40	23.10	21.50	66.00	1.20	50.18	0.00
60.70	33.10	26.40	23.10	21.40	66.00	1.60	50.37	0.00
60.80	33.10	26.40	23.10	21.40	66.10	1.20	50.30	0.00
60.90	33.10	26.50	23.20	21.50	66.30	1.50	50.12	0.00
61.00	33.10	26.50	23.20	21.50	66.30	1.50	50.02	0.00
61.10	33.00	26.50	23.10	21.40	66.30	1.20	49.85	0.00
61.20	33.10	26.40	23.10	21.60	66.90	1.20	49.65	0.00
61.30	33.10	26.40	23.10	21.60	66.70	1.80	49.49	0.00
61.40	32.90	26.50	23.10	21.40	66.60	1.30	50.05	0.00
61.50	33.10	26.50	23.20	21.50	67.00	1.30	50.31	0.00
61.60	33.10	26.50	23.20	21.50	67.30	1.20	50.36	0.00
61.70	33.10	26.50	23.20	21.50	67.30	1.20	50.17	0.00
61.80	32.90	26.50	23.20	21.50	67.30	1.60	49.98	0.00
61.90	32.90	26.50	23.20	21.50	67.30	1.60	49.79	0.00
62.00	33.10	26.50	23.20	21.60	67.30	1.60	49.57	0.00
62.10	33.20	26.50	23.20	21.60	67.60	1.80	49.89	0.00
62.20	33.20	26.50	23.20	21.60	67.60	1.00	50.19	0.00
62.30	33.30	26.60	23.20	21.60	68.30	1.50	50.20	0.00
62.40	33.10	26.60	23.10	21.50	68.00	1.20	50.10	0.00
62.50	33.10	26.60	23.10	21.50	68.10	1.20	50.07	0.00
62.60	33.10	26.50	23.20	21.60	68.60	1.30	49.86	0.00
62.70	33.10	26.50	23.20	21.50	68.60	1.60	49.68	0.00
62.80	33.10	26.50	23.20	21.50	68.60	1.20	49.60	0.00
62.90	33.20	26.40	23.20	21.50	68.60	1.20	50.08	0.00
63.00	33.10	26.40	23.10	21.50	68.60	1.20	50.12	0.00
63.10	33.10	26.40	23.10	21.50	68.90	1.30	50.04	0.00
63.20	32.90	26.30	23.00	21.40	69.30	1.60	50.08	0.00
63.30	33.10	26.40	23.00	21.50	69.20	1.20	50.08	0.00
63.40	33.10	26.40	23.00	21.50	69.20	1.50	50.12	0.00
63.50	32.90	26.30	23.00	21.40	70.00	0.50	50.07	0.00
63.60	33.10	26.40	23.20	21.70	69.50	1.00	50.12	0.00
63.70	33.10	26.40	23.20	21.70	70.00	1.30	49.91	0.00
63.80	33.00	26.50	23.10	21.60	70.10	1.50	49.74	0.00
63.90	33.10	26.50	23.20	21.50	70.10	1.50	49.49	0.00
64.00	33.10	26.50	23.20	21.50	70.10	1.50	49.95	0.00
64.10	33.20	26.40	23.10	21.50	70.40	1.50	50.04	0.00
64.20	33.20	26.40	23.10	21.50	70.70	1.60	50.04	0.00
64.30	32.90	26.50	23.20	21.50	70.70	1.60	49.98	0.00
64.40	33.00	26.40	23.10	21.60	70.60	1.60	49.95	0.00
64.50	33.00	26.40	23.10	21.60	70.70	1.30	49.91	0.00
64.60	33.00	26.40	23.10	21.50	71.20	1.50	49.89	0.00
64.70	32.80	26.40	23.20	21.50	70.90	1.60	49.91	0.00
64.80	32.80	26.40	23.20	21.50	71.30	1.60	49.88	0.00
64.90	32.80	26.40	23.20	21.50	71.30	1.60	49.88	0.00
65.00	33.00	26.60	23.30	21.70	72.00	1.60	49.83	0.00
65.10	33.00	26.60	23.30	21.70	71.50	1.30	49.85	0.00
65.20	33.00	26.40	23.10	21.50	71.80	1.00	49.83	0.00
65.30	33.00	26.40	23.30	21.60	72.00	1.20	49.66	0.00
65.40	33.00	26.40	23.30	21.60	72.30	1.50	49.93	0.00
65.50	32.90	26.50	23.20	21.60	72.60	1.30	49.88	0.00
65.60	32.90	26.50	23.20	21.60	72.70	1.50	49.82	0.00
65.70	32.90	26.30	23.00	21.50	72.60	1.30	49.79	0.00
65.80	33.00	26.30	23.00	21.50	71.80	1.60	49.86	0.00
65.90	33.00	26.30	23.00	21.50	71.80	1.60	49.82	0.00
66.00	32.80	26.40	23.10	21.50	72.90	1.50	49.87	0.00
66.10	33.00	26.40	23.10	21.60	72.90	1.50	49.93	0.00
66.20	33.00	26.40	23.10	21.60	72.90	1.30	49.88	0.00
66.30	32.80	26.50	23.10	21.50	73.60	1.30	49.96	0.00
66.40	32.80	26.40	23.10	21.50	73.80	1.30	49.87	0.00
66.50	32.80	26.40	23.10	21.50	73.60	1.80	49.92	0.00
66.60	32.90	26.50	23.40	21.70	73.80	1.30	49.83	0.00
66.70	32.90	26.50	23.40	21.70	74.00	1.50	49.83	0.00
66.80	32.90	26.40	23.20	21.50	74.00	1.50	49.92	0.00
66.90	32.80	26.40	23.00	21.30	74.30	1.30	49.98	0.00
67.00	32.80	26.40	23.00	21.30	74.10	1.30	49.76	0.00
67.10	32.90	26.40	23.10	21.60	74.10	1.20	49.42	0.00
67.20	32.80	26.30	23.10	21.40	74.60	1.50	49.56	0.00
67.30	32.80	26.30	23.10	21.40	74.40	1.50	49.75	0.00
67.40	33.00	26.50	23.20	21.60	74.70	1.20	50.13	0.00
67.50	32.80	26.40	23.00	21.60	74.90	1.30	49.72	0.00
67.60	32.80	26.40	23.00	21.60	74.90	1.50	49.68	0.00
67.70	33.00	26.60	23.20	21.50	75.20	1.90	49.54	0.00
67.80	32.80	26.30	23.20	21.50	75.20	1.90	49.55	0.00
67.90	32.80	26.30	23.20	21.50	75.30	1.00	49.70	0.00
68.00	32.90	26.50	23.20	21.70	75.30	1.50	50.92	0.00
68.10	32.70	26.30	23.00	21.40	75.50	1.60	50.41	0.00
68.20	32.70	26.30	23.00	21.40	75.80	1.80	50.75	0.00
68.30	32.70	26.20	23.10	21.40	76.00	1.30	50.19	0.00
68.40	32.70	26.20	23.10	21.40	76.30	1.90	50.02	0.00
68.50	32.70	26.20	23.00	21.40	76.30	1.50	49.76	0.00
68.60	32.60	26.40	23.10	21.60	76.30	1.30	49.91	0.00
68.70	32.60	26.40	23.10	21.60	76.30	1.30	49.98	0.00
68.80	32.60	26.40	23.00	21.50	76.70	1.30	50.21	0.00
68.90	32.80	26.50	23.10	21.50	76.60	1.30	49.79	0.00
69.00	32.80	26.50	23.10	21.50	77.00	1.80	49.87	0.00
69.10	32.80	26.40	23.20	21.50	77.20	1.50	49.44	0.00
69.20	32.90	26.40	23.20	21.60	77.70	1.20	49.60	0.00
69.30	32.90	26.40	23.20	21.60	77.30	1.60	49.60	0.00
69.40	32.90	26.40	23.10	21.60	77.50	1.30	49.86	0.00
69.50	32.90	26.40	23.10	21.60	77.80	1.20	50.38	0.00
69.60	32.70	26.50	23.20	21.50	77.70	1.30	49.99	0.00
69.70	32.90	26.50	23.20	21.60	77.70	1.30	49.93	0.00
69.80	32.90	26.50	23.20	21.60	78.00	1.00	49.57	0.00
69.90	32.70	26.30	23.00	21.50	78.30	1.50	49.56	0.00
70.00	32.60	26.40	23.10	21.50	78.10	1.50	49.73	0.00
70.10	32.60	26.40	23.10	21.50	78.60	1.50	49.18	0.00
70.20	32.70	26.60	23.20	21.60	78.40	1.50	49.69	0.00
70.30	32.80	26.60	23.30	21.70	78.70	1.60	49.41	0.00
70.40	32.80	26.60	23.30	21.70	78.90	1.50	49.48	0.00
70.50	32.80	26.40	23.10	21.60	78.90	1.80	49.09	0.00
70.60	32.80	26.50	23.20	21.60	78.90	1.80	48.71	0.00
70.70	32.80	26.50	23.20	21.60	79.30	1.20	48.33	0.00
70.80	32.70	26.40	23.00	21.50	79.50	1.50	48.30	0.00
70.90	32.70	26.40	23.10	21.50	79.00	1.60	49.88	0.00
71.00	32.70	26.40	23.10	21.50	79.50	1.60	50.34	0.00
71.10	32.70	26.50	23.30	21.70	79.80	1.30	49.41	0.00
71.20	32.70	26.40	23.00	21.50	79.80	1.00	32.36	0.00
71.30	32.70	26.40	23.00	21.50	79.80	1.20	9.60	0.00
71.40	32.80	26.60	23.20	21.50	79.80	1.30	6.73	0.00
71.50	32.70	26.50	23.20	21.50	79.30	1.30	5.03	0.00
71.60	32.70	26.50	23.20	21.50	79.30	1.30	3.92	0.00
71.70	32.50	26.40	23.20	21.50	79.80	1.30	3.14	0.00
71.80	32.50	26.40	23.10	21.50	79.30	1.60	2.62	0.00
71.90	32.50	26.40	23.10	21.50	79.50	1.30	2.18	0.00
72.00	32.40	26.50	23.20	21.60	79.30	1.20	1.87	0.00
72.10	32.30	26.60	23.20	21.70	79.20	1.20	1.63	0.00
72.20	32.30	26.60	23.20	21.70	79.20	1.50	1.44	0.00
72.30	32.20	26.40	23.00	21.50	79.30	1.30	1.21	0.00
72.40	32.20	26.50	23.00	21.50	79.50	1.20	1.08	0.00
72.50	32.20	26.50	23.00	21.50	79.50	1.20	0.96	0.00
72.60	32.10	26.40	23.20	21.50	79.20	1.20	0.86	0.00
72.70	32.00	26.50	23.20	21.60	78.70	1.30	0.78	0.00
72.80	32.00	26.50	23.20	21.60	79.20	1.50	0.69	0.00
72.90	31.80	26.60	23.20	21.50	79.30	1.60	0.60	0.00
73.00	31.90	26.50	23.20	21.50	78.90	1.50	0.57	0.00
73.10	31.90	26.50	23.20	21.50	79.20	1.30	0.49	0.00
73.20	31.70	26.60	23.10	21.50	79.00	1.30	0.47	0.00
73.30	31.50	26.50	23.20	21.60	79.20	1.50	0.43	0.00
73.40	31.50	26.50	23.20	21.60	79.20	1.60	0.39	0.00
73.50	31.60	26.40	23.10	21.50	78.90	1.00	0.36	0.00
73.60	31.60	26.40	23.10	21.50	79.00	1.30	0.33	0.00
73.70	31.60	26.40	23.00	21.40	79.00	1.20	0.37	0.00
73.80	31.60	26.50	23.20	21.60	79.00	1.50	0.31	0.00
73.90	31.50	26.50	23.20	21.40	78.90	1.20	0.31	0.00
74.00	31.50	26.50	23.20	21.40	79.00	1.20	0.31	0.00
74.10	31.30	26.40	23.10	21.50	79.20	1.50	0.27	0.00
74.20	31.30	26.40	23.10	21.50	78.90	1.20	0.27	0.00
74.30	31.40	26.70	23.20	21.50	79.20	1.20	0.31	0.00
74.40	31.20	26.50	23.20	21.60	79.20	1.20	0.27	0.00
74.50	31.20	26.50	23.20	21.60	79.30	1.50	0.25	0.00
74.60	31.30	26.60	23.20	21.50	78.70	1.50	0.27	0.00
74.70	31.30	26.60	23.20	21.50	78.90	1.30	0.18	0.00
74.80	31.20	26.60	23.30	21.70	79.20	1.50	0.15	0.00
74.90	31.00	26.50	23.10	21.50	79.30	1.30	0.20	0.00
75.00	31.00	26.50	23.10	21.50	79.00	1.20	0.20	0.00
75.10	31.20	26.50	23.20	21.50	78.90	1.60	0.14	0.00
75.20	31.10	26.50	23.10	21.60	79.00	1.30	0.18	0.00
75.30	31.10	26.50	23.10	21.60	79.00	1.30	0.18	0.00
75.40	30.90	26.70	23.20	21.70	79.00	1.60	0.14	0.00
75.50	30.80	26.60	23.10	21.50	79.00	1.50	0.14	0.00
75.60	30.80	26.60	23.10	21.50	78.60	1.20	0.14	0.00
75.70	30.80	26.50	23.10	21.50	79.20	1.30	0.14	0.00
75.80	31.00	26.40	23.30	21.60	79.00	1.30	0.14	0.00
75.90	31.00	26.40	23.30	21.60	79.00	1.80	0.14	0.00
76.00	31.00	26.50	23.20	21.50	78.60	1.30	0.15	0.00
76.10	31.00	26.50	23.10	21.50	78.90	1.20	0.12	0.00
76.20	31.00	26.50	23.10	21.50	79.20	1.50	0.15	0.00
76.30	30.80	26.40	23.10	21.50	79.20	1.50	0.14	0.00
76.40	30.80	26.40	23.10	21.50	78.70	1.60	0.14	0.00
76.50	30.70	26.50	23.20	21.50	78.90	1.50	0.14	0.00
76.60	30.80	26.60	23.10	21.40	78.90	1.50	0.14	0.00
76.70	30.80	26.60	23.10	21.40	78.70	1.50	0.14	0.00
76.80	30.60	26.50	23.10	21.50	78.90	1.30	0.14	0.00
76.90	30.60	26.50	23.10	21.50	78.70	1.60	0.09	0.00
77.00	30.60	26.50	23.10	21.50	78.60	1.30	0.09	0.00
77.10	30.70	26.50	23.10	21.60	79.20	1.60	0.12	0.00
77.20	30.70	26.50	23.10	21.60	79.20	1.60	0.09	0.00
77.30	30.70	26.60	23.30	21.60	79.00	1.50	0.14	0.00
77.40	30.70	26.50	23.20	21.50	78.70	1.50	0.12	0.00
77.50	30.70	26.50	23.20	21.50	79.00	1.60	0.14	0.00
77.60	30.70	26.60	23.20	21.70	79.00	1.30	0.09	0.00
77.70	30.60	26.50	23.00	21.40	78.90	1.60	0.09	0.00
77.80	30.60	26.50	23.00	21.40	79.00	1.30	0.12	0.00
77.90	30.70	26.70	23.30	21.60	78.90	1.50	0.08	0.00
78.00	30.70	26.70	23.30	21.60	79.00	1.30	0.08	0.00
78.10	30.60	26.50	23.20	21.50	78.90	1.20	0.12	0.00
78.20	30.60	26.60	23.20	21.70	78.90	1.20	0.09	0.00
78.30	30.60	26.60	23.20	21.70	78.90	1.30	0.09	0.00
78.40	30.60	26.50	23.20	21.60	78.90	1.30	0.08	0.00
78.50	30.40	26.50	22.90	21.60	79.20	1.50	0.09	0.00
78.60	30.40	26.50	22.90	21.60	78.90	1.80	0.09	0.00
78.70	30.40	26.50	23.10	21.40	78.60	1.60	0.09	0.00
78.80	30.60	26.50	23.10	21.50	79.00	1.30	0.09	0.00
78.90	30.60	26.50	23.10	21.50	79.00	1.50	0.09	0.00
79.00	30.30	26.40	23.10	21.40	78.70	1.50	0.06	0.00
79.10	30.30	26.40	23.10	21.40	79.20	1.20	0.04	0.00
79.20	30.30	26.60	23.20	21.50	79.20	1.20	0.06	0.00
79.30	30.40	26.50	23.10	21.50	79.20	1.00	0.06	0.00
79.40	30.40	26.50	23.10	21.50	79.00	1.60	0.06	0.00
79.50	30.30	26.50	23.20	21.50	78.90	1.50	0.06	0.00
79.60	30.20	26.50	23.20	21.60	79.00	1.50	0.04	0.00
79.70	30.20	26.50	23.20	21.60	79.20	1.30	0.06	0.00
79.80	30.20	26.40	23.20	21.50	78.70	1.30	0.06	0.00
79.90	30.30	26.50	23.10	21.50	78.70	1.30	0.04	0.00
80.00	30.30	26.50	23.10	21.50	79.00	1.20	0.00	0.00
80.10	30.20	26.60	23.30	21.60	79.00	1.20	0.00	0.00
80.20	30.20	26.60	23.30	21.60	78.90	1.50	0.00	0.00
80.30	30.50	26.60	23.30	21.70	78.70	1.30	0.00	0.00
80.40	30.20	26.50	23.20	21.60	78.90	1.50	0.00	0.00
80.50	30.20	26.50	23.20	21.60	78.90	1.80	0.00	0.00
80.60	30.10	26.50	23.20	21.50	78.60	1.50	0.00	0.00
80.70	30.20	26.50	23.10	21.60	78.70	1.50	0.00	0.00
80.80	30.20	26.50	23.10	21.60	78.30	1.50	0.00	0.00
80.90	30.10	26.50	23.20	21.60	78.40	1.30	0.00	0.00
81.00	30.10	26.60	23.20	21.60	78.40	1.30	0.00	0.00
81.10	30.10	26.60	23.20	21.60	78.70	1.50	0.00	0.00
81.20	30.00	26.40	23.10	21.60	79.00	1.30	0.00	0.00
81.30	30.00	26.40	23.10	21.60	78.60	1.50	0.00	0.00
81.40	30.00	26.50	23.10	21.50	78.90	1.80	0.00	0.00
81.50	30.10	26.50	23.10	21.60	78.90	1.00	0.00	0.00
81.60	30.10	26.50	23.10	21.60	78.70	1.50	0.00	0.00
81.70	30.10	26.50	23.10	21.50	79.00	1.30	0.00	0.00
81.80	30.20	26.60	23.30	21.70	78.70	1.30	0.00	0.00
81.90	30.20	26.60	23.30	21.70	78.70	1.30	0.00	0.00
82.00	30.20	26.50	23.10	21.40	77.80	1.60	0.00	0.00
82.10	30.10	26.60	23.20	21.40	78.60	1.50	0.00	0.00
82.20	30.10	26.60	23.20	21.40	78.70	1.20	0.00	0.00
82.30	30.00	26.50	23.10	21.40	79.00	1.50	0.00	0.00
82.40	30.00	26.50	23.20	21.60	78.90	1.20	0.00	0.00
82.50	30.00	26.50	23.20	21.60	78.90	1.50	0.00	0.00
82.60	30.00	26.60	23.20	21.60	78.90	1.50	0.00	0.00
82.70	30.00	26.50	23.20	21.40	78.70	1.30	0.00	0.00
82.80	30.00	26.50	23.20	21.40	78.70	1.30	0.00	0.00
82.90	30.20	26.60	23.30	21.70	78.40	1.30	0.00	0.00
83.00	30.20	26.60	23.30	21.70	78.70	1.20	0.00	0.00
83.10	30.00	26.60	23.20	21.70	78.70	1.30	0.00	0.00
83.20	29.90	26.40	23.20	21.50	78.90	1.50	0.00	0.00
83.30	29.90	26.40	23.20	21.50	78.70	1.60	0.00	0.00
83.40	30.10	26.50	23.20	21.60	79.00	1.20	0.00	0.00
83.50	30.00	26.40	23.30	21.50	78.70	1.00	0.00	0.00
83.60	30.00	26.40	23.30	21.50	78.90	1.50	0.00	0.00
83.70	29.90	26.40	23.20	21.40	78.90	1.50	0.00	0.00
83.80	29.80	26.40	23.10	21.50	78.60	1.30	0.00	0.00
83.90	29.80	26.40	23.10	21.50	79.00	1.80	0.00	0.00
84.00	29.80	26.40	23.10	21.60	78.60	1.20	0.00	0.00
84.10	29.90	26.50	23.20	21.60	78.70	1.20	0.00	0.00
84.20	29.90	26.50	23.20	21.60	78.70	1.50	0.00	0.00
84.30	29.90	26.50	23.20	21.60	78.90	1.30	0.00	0.00
84.40	29.80	26.30	23.20	21.50	78.90	1.60	0.00	0.00
84.50	29.80	26.30	23.20	21.50	79.00	1.20	0.00	0.00
84.60	29.90	26.40	23.20	21.60	78.90	1.50	0.00	0.00
84.70	30.00	26.50	23.30	21.50	78.90	1.50	0.00	0.00
84.80	30.00	26.50	23.30	21.50	78.90	1.30	0.00	0.00
84.90	30.00	26.50	23.20	21.70	79.00	1.50	0.00	0.00
85.00	29.70	26.40	23.20	21.50	79.20	1.50	0.00	0.00
85.10	29.70	26.40	23.20	21.50	78.90	1.50	0.00	0.00
85.20	29.90	26.30	23.20	21.60	78.90	1.50	0.00	0.00
85.30	29.60	26.30	23.10	21.50	78.70	1.00	0.00	0.00
85.40	29.60	26.30	23.10	21.50	78.70	1.50	0.00	0.00
85.50	29.80	26.30	23.20	21.40	79.00	1.30	0.00	0.00
85.60	29.70	26.40	23.20	21.50	79.00	1.30	0.00	0.00
85.70	29.70	26.40	23.20	21.50	79.00	1.30	0.00	0.00
85.80	29.70	26.40	23.20	21.40	78.90	1.30	0.00	0.00
85.90	29.70	26.40	23.20	21.40	78.40	1.80	0.00	0.00
86.00	29.80	26.50	23.20	21.50	78.40	1.60	0.00	0.00
86.10	29.70	26.40	23.20	21.70	79.20	1.50	0.00	0.00
86.20	29.70	26.40	23.20	21.70	78.60	1.20	0.00	0.00
86.30	29.80	26.40	23.30	21.50	78.40	1.30	0.00	0.00
86.40	29.60	26.30	23.20	21.40	78.30	1.20	0.00	0.00
86.50	29.80	26.30	23.10	21.50	78.30	1.20	0.00	0.00
86.60	29.80	26.30	23.10	21.50	78.70	1.50	0.00	0.00
86.70	29.70	26.40	23.20	21.50	78.40	1.80	0.00	0.00
86.80	29.70	26.40	23.20	21.50	79.00	1.30	0.00	0.00
86.90	29.80	26.40	23.30	21.40	79.00	1.50	0.00	0.00
87.00	29.80	26.50	23.20	21.60	79.00	1.60	0.00	0.00
87.10	29.80	26.50	23.20	21.60	78.60	1.50	0.00	0.00
87.20	29.70	26.50	23.20	21.60	78.70	1.80	0.00	0.00
87.30	29.70	26.40	23.10	21.50	78.60	1.30	0.00	0.00
87.40	29.70	26.40	23.10	21.50	78.90	1.20	0.00	0.00
87.50	29.60	26.40	23.20	21.60	78.90	1.20	0.00	0.00
87.60	29.60	26.50	23.20	21.50	78.70	1.50	0.00	0.00
87.70	29.60	26.50	23.20	21.50	78.90	1.60	0.00	0.00
87.80	29.60	26.40	23.30	21.60	78.90	1.50	0.00	0.00
87.90	29.70	26.40	23.10	21.50	78.60	1.20	0.00	0.00
88.00	29.70	26.40	23.10	21.50	78.40	1.50	0.00	0.00
88.10	29.70	26.50	23.20	21.60	79.00	1.30	0.00	0.00
88.20	29.60	26.30	23.20	21.50	78.90	1.60	0.00	0.00
88.30	29.60	26.30	23.20	21.50	78.70	1.20	0.00	0.00
88.40	29.60	26.40	23.10	21.50	78.70	1.30	0.00	0.00
88.50	29.60	26.40	23.10	21.50	78.70	1.90	0.00	0.00
88.60	29.60	26.40	23.20	21.50	78.40	1.30	0.00	0.00
88.70	29.70	26.40	23.20	21.60	78.40	1.30	0.00	0.00
88.80	29.70	26.40	23.20	21.60	78.70	1.50	0.00	0.00
88.90	29.50	26.40	23.10	21.60	78.60	1.20	0.00	0.00
89.00	29.70	26.50	23.20	21.60	78.60	1.50	0.00	0.00
89.10	29.70	26.50	23.20	21.60	78.70	1.50	0.00	0.00
89.20	29.60	26.40	23.20	21.60	78.70	1.60	0.00	0.00
89.30	29.60	26.40	23.20	21.60	78.70	1.30	0.00	0.00
89.40	29.70	26.50	23.20	21.70	78.70	1.30	0.00	0.00
89.50	29.60	26.50	23.30	21.60	78.40	1.30	0.00	0.00
89.60	29.60	26.50	23.30	21.60	78.90	1.50	0.00	0.00
89.70	29.60	26.40	23.30	21.70	78.30	1.50	0.00	0.00
89.80	29.70	26.50	23.20	21.60	79.00	1.50	0.00	0.00
89.90	29.70	26.50	23.20	21.60	78.90	1.30	0.00	0.00
90.00	29.30	26.30	23.20	21.50	78.90	1.30	0.00	0.00
90.10	29.50	26.40	23.20	21.60	78.90	1.60	0.00	0.00
90.20	29.50	26.40	23.20	21.60	78.70	1.50	0.00	0.00
90.30	29.50	26.30	23.10	21.50	78.70	1.50	0.00	0.00
90.40	29.60	26.40	23.20	21.60	78.60	1.30	0.00	0.00
90.50	29.60	26.40	23.20	21.60	79.20	1.30	0.00	0.00
90.60	29.60	26.40	23.20	21.50	78.60	1.80	0.00	0.00
90.70	29.50	26.40	23.10	21.50	79.00	1.80	0.00	0.00
90.80	29.50	26.40	23.10	21.50	79.30	1.30	0.00	0.00
90.90	29.60	26.40	23.20	21.50	78.90	1.30	0.00	0.00
91.00	29.60	26.40	23.20	21.50	78.70	1.50	0.00	0.00
91.10	29.60	26.40	23.20	21.60	78.60	1.50	0.00	0.00
91.20	29.60	26.40	23.30	21.70	78.60	1.20	0.00	0.00
91.30	29.60	26.40	23.30	21.70	78.60	1.20	0.00	0.00
91.40	29.50	26.50	23.20	21.60	78.90	1.20	0.00	0.00
91.50	29.50	26.40	23.20	21.50	78.70	1.20	0.00	0.00
91.60	29.50	26.40	23.20	21.50	78.90	1.30	0.00	0.00
91.70	29.60	26.50	23.30	21.60	78.70	1.20	0.00	0.00
91.80	29.50	26.50	23.10	21.60	79.20	1.30	0.00	0.00
91.90	29.50	26.50	23.10	21.60	78.30	1.50	0.00	0.00
92.00	29.30	26.50	23.30	21.50	78.90	1.30	0.00	0.00
92.10	29.30	26.50	23.30	21.50	78.60	1.20	0.00	0.00
92.20	29.30	26.50	23.20	21.50	78.60	1.20	0.00	0.00
92.30	29.50	26.50	23.20	21.60	78.60	1.20	0.00	0.00
92.40	29.50	26.50	23.20	21.60	78.60	1.20	0.00	0.00
92.50	29.40	26.40	23.10	21.40	78.70	1.00	0.00	0.00
92.60	29.30	26.30	23.20	21.50	78.70	1.60	0.00	0.00
92.70	29.30	26.30	23.20	21.50	78.40	1.20	0.00	0.00
92.80	29.30	26.50	23.20	21.70	78.90	1.30	0.00	0.00
92.90	29.40	26.50	23.20	21.50	78.90	1.30	0.00	0.00
93.00	29.40	26.50	23.20	21.50	78.90	1.00	0.00	0.00
93.10	29.40	26.50	23.30	21.50	78.60	1.60	0.00	0.00
93.20	29.40	26.50	23.30	21.50	78.60	1.60	0.00	0.00
93.30	29.40	26.30	23.20	21.50	78.90	1.20	0.00	0.00
93.40	29.30	26.40	23.20	21.60	78.90	1.20	0.00	0.00
93.50	29.30	26.40	23.20	21.60	78.40	1.30	0.00	0.00
93.60	29.30	26.30	23.20	21.60	78.30	1.20	0.00	0.00
93.70	29.30	26.30	23.20	21.60	78.60	1.80	0.00	0.00
93.80	29.30	26.30	23.20	21.60	79.20	1.90	0.00	0.00
93.90	29.40	26.40	23.20	21.50	78.60	1.20	0.00	0.00
94.00	29.40	26.40	23.20	21.50	78.70	1.60	0.00	0.00
94.10	29.20	26.40	23.20	21.50	78.70	1.30	0.00	0.00
94.20	29.50	26.40	23.30	21.60	78.70	1.30	0.00	0.00
94.30	29.50	26.40	23.30	21.60	78.90	1.60	0.00	0.00
94.40	29.20	26.30	23.10	21.50	78.70	1.30	0.00	0.00
94.50	29.30	26.30	23.20	21.60	78.70	1.30	0.00	0.00
94.60	29.30	26.30	23.20	21.60	78.70	1.30	0.00	0.00
94.70	29.50	26.40	23.20	21.60	78.40	1.20	0.00	0.00
94.80	29.30	26.40	23.20	21.50	78.90	1.50	0.00	0.00
94.90	29.30	26.40	23.20	21.50	78.70	1.50	0.00	0.00
95.00	29.40	26.40	23.10	21.60	78.70	1.50	0.00	0.00
95.10	29.20	26.30	23.20	21.50	77.70	1.50	0.00	0.00
95.20	29.20	26.30	23.20	21.50	78.60	1.20	0.00	0.00
95.30	29.30	26.30	23.20	21.60	79.20	1.30	0.00	0.00
95.40	29.20	26.40	23.20	21.50	78.70	1.30	0.00	0.00
95.50	29.20	26.40	23.20	21.50	77.80	1.50	0.00	0.00
95.60	29.30	26.40	23.30	21.70	78.30	1.50	0.00	0.00
95.70	29.30	26.40	23.30	21.70	78.90	1.30	0.00	0.00
95.80	29.30	26.40	23.30	21.60	78.90	1.50	0.00	0.00
95.90	29.40	26.40	23.30	21.50	78.10	1.20	0.00	0.00
96.00	29.40	26.40	23.30	21.50	78.30	1.20	0.00	0.00
96.10	29.50	26.50	23.40	21.70	78.60	1.20	0.00	0.00
96.20	29.20	26.40	23.20	21.60	78.70	1.20	0.00	0.00
96.30	29.20	26.40	23.20	21.60	78.60	1.60	0.00	0.00
96.40	29.20	26.40	23.30	21.60	78.60	1.50	0.00	0.00
96.50	29.30	26.30	23.20	21.50	78.40	1.60	0.00	0.00
96.60	29.30	26.30	23.20	21.50	78.70	1.50	0.00	0.00
96.70	29.10	26.40	23.20	21.50	78.40	1.90	0.00	0.00
96.80	29.20	26.30	23.20	21.60	78.30	1.60	0.00	0.00
96.90	29.20	26.30	23.20	21.60	78.70	1.30	0.00	0.00
97.00	29.10	26.40	23.20	21.50	78.70	1.30	0.00	0.00
97.10	29.10	26.40	23.20	21.50	78.60	1.30	0.00	0.00
97.20	29.20	26.30	23.20	21.50	78.70	1.30	0.00	0.00
97.30	29.10	26.40	23.30	21.50	78.60	1.60	0.00	0.00
97.40	29.30	26.50	23.30	21.70	78.70	1.20	0.00	0.00
97.50	29.30	26.50	23.30	21.70	78.70	1.30	0.00	0.00
97.60	29.20	26.40	23.20	21.50	78.70	1.30	0.00	0.00
97.70	29.20	26.40	23.20	21.50	78.70	1.80	0.00	0.00
97.80	29.10	26.50	23.20	21.50	79.00	1.50	0.00	0.00
97.90	29.10	26.50	23.30	21.60	79.00	1.50	0.00	0.00
98.00	29.10	26.50	23.30	21.60	78.40	1.30	0.00	0.00
98.10	29.10	26.50	23.30	21.60	78.60	1.50	0.00	0.00
98.20	29.10	26.50	23.30	21.60	78.90	1.30	0.00	0.00
98.30	29.10	26.50	23.30	21.60	78.70	1.50	0.00	0.00
98.40	29.00	26.40	23.30	21.60	78.60	1.50	0.00	0.00
98.50	29.20	26.40	23.20	21.70	78.70	1.60	0.00	0.00
98.60	29.20	26.40	23.20	21.70	78.60	1.00	0.00	0.00
98.70	29.10	26.40	23.20	21.50	78.70	1.30	0.00	0.00
98.80	29.20	26.40	23.30	21.60	78.70	1.30	0.00	0.00
98.90	29.20	26.40	23.30	21.60	78.30	1.30	0.00	0.00
99.00	29.10	26.40	23.20	21.50	78.70	1.30	0.00	0.00
99.10	29.20	26.30	23.20	21.50	78.30	1.30	0.00	0.00
99.20	29.20	26.30	23.20	21.50	79.00	1.80	0.00	0.00
99.30	29.10	26.50	23.30	21.70	78.60	0.20	0.00	0.00
99.40	29.10	26.50	23.30	21.70	79.00	1.30	0.00	0.00
99.50	29.10	26.40	23.30	21.60	78.70	1.50	0.00	0.00
99.60	28.90	26.20	23.10	21.30	78.40	2.20	0.00	0.00
99.70	28.90	26.20	23.10	21.30	78.40	2.20	0.00	0.00
99.80	29.10	26.50	23.20	21.40	79.00	1.60	0.00	0.00
99.90	29.10	26.30	23.20	21.60	78.90	1.30	0.00	0.00
100.00	29.10	26.30	23.20	21.60	78.40	1.50	0.00	0.00
100.10	29.10	26.50	23.30	21.50	78.90	1.60	0.00	0.00
100.20	29.10	26.50	23.30	21.50	78.60	1.30	0.00	0.00
100.30	29.10	26.50	23.20	21.60	78.70	1.60	0.00	0.00
100.40	29.00	26.40	23.30	21.50	78.70	1.80	0.00	0.00
100.50	29.00	26.40	23.30	21.50	78.70	1.20	0.00	0.00
100.60	29.00	26.30	23.20	21.40	78.90	1.50	0.00	0.00
100.70	29.00	26.40	23.30	21.50	78.90	1.50	0.00	0.00
100.80	29.00	26.40	23.30	21.50	78.40	1.20	0.00	0.00
100.90	29.10	26.30	23.30	21.60	79.00	1.60	0.00	0.00
101.00	29.20	26.40	23.40	21.80	78.40	1.60	0.00	0.00
101.10	29.20	26.40	23.40	21.80	78.40	1.50	0.00	0.00
101.20	29.10	26.50	23.30	21.60	79.20	1.20	0.00	0.00
101.30	29.00	26.40	23.20	21.60	78.60	1.30	0.00	0.00
101.40	29.00	26.40	23.20	21.60	78.70	1.30	0.00	0.00
101.50	29.20	26.40	23.30	21.50	78.90	1.30	0.00	0.00
101.60	29.20	26.40	23.30	21.50	78.90	1.30	0.00	0.00
101.70	29.10	26.50	23.30	21.60	78.90	1.30	0.00	0.00
101.80	29.10	26.50	23.30	21.60	78.40	1.30	0.00	0.00
101.90	29.10	26.50	23.30	21.60	78.40	1.60	0.00	0.00
102.00	29.00	26.40	23.20	21.60	78.70	1.60	0.00	0.00
102.10	29.10	26.30	23.20	21.50	78.70	1.30	0.00	0.00
102.20	29.10	26.30	23.20	21.50	78.60	1.60	0.00	0.00
102.30	29.00	26.30	23.30	21.60	78.90	1.20	0.00	0.00
102.40	29.10	26.50	23.40	21.60	78.60	1.50	0.00	0.00
102.50	29.10	26.50	23.40	21.60	78.60	1.30	0.00	0.00
102.60	29.10	26.50	23.30	21.70	78.60	1.30	0.00	0.00
102.70	29.00	26.40	23.20	21.70	79.00	1.60	0.00	0.00
102.80	29.00	26.40	23.20	21.70	78.60	0.40	0.00	0.00
102.90	28.90	26.40	23.20	21.60	78.70	1.50	0.00	0.00
103.00	28.90	26.30	23.20	21.50	78.30	1.30	0.00	0.00
103.10	28.90	26.30	23.20	21.50	78.60	1.30	0.00	0.00
103.20	29.00	26.40	23.20	21.60	78.40	1.60	0.00	0.00
103.30	28.80	26.40	23.10	21.60	78.30	1.30	0.00	0.00
103.40	28.80	26.40	23.10	21.60	78.70	1.60	0.00	0.00
103.50	29.00	26.40	23.10	21.50	78.70	1.60	0.00	0.00
103.60	29.00	26.40	23.10	21.50	78.60	1.00	0.00	0.00
103.70	28.90	26.40	23.20	21.60	79.00	1.50	0.00	0.00
103.80	28.70	26.40	23.10	21.50	78.30	1.30	0.00	0.00
103.90	28.70	26.40	23.10	21.50	78.70	1.30	0.00	0.00
104.00	29.10	26.50	23.20	21.60	78.30	1.60	0.00	0.00
104.10	29.10	26.50	23.20	21.60	78.90	1.60	0.00	0.00
104.20	29.10	26.50	23.40	21.70	78.40	1.30	0.00	0.00
104.30	29.00	26.50	23.20	21.60	78.90	1.30	0.00	0.00
104.40	29.00	26.50	23.20	21.60	78.60	1.00	0.00	0.00
104.50	29.00	26.50	23.30	21.60	78.60	1.00	0.00	0.00
104.60	28.90	26.40	23.30	21.60	78.60	1.50	0.00	0.00
104.70	28.90	26.40	23.30	21.60	78.70	1.30	0.00	0.00
104.80	28.90	26.40	23.30	21.60	78.40	1.50	0.00	0.00
104.90	29.00	26.50	23.30	21.70	78.40	1.60	0.00	0.00
105.00	28.90	26.50	23.30	21.70	78.60	1.50	0.00	0.00
105.10	28.90	26.50	23.30	21.70	78.60	1.50	0.00	0.00
105.20	28.80	26.50	23.30	21.60	78.30	1.30	0.00	0.00
105.30	28.80	26.50	23.30	21.60	78.90	1.50	0.00	0.00
105.40	29.00	26.50	23.40	21.50	78.90	1.50	0.00	0.00
105.50	28.90	26.50	23.30	21.50	78.40	1.50	0.00	0.00
105.60	28.90	26.50	23.30	21.50	78.60	1.30	0.00	0.00
105.70	29.00	26.40	23.20	21.50	78.40	1.20	0.00	0.00
105.80	28.90	26.60	23.30	21.60	78.30	1.50	0.00	0.00
105.90	28.90	26.60	23.30	21.60	78.90	1.80	0.00	0.00
106.00	29.00	26.40	23.30	21.60	78.40	1.20	0.00	0.00
106.10	28.90	26.30	23.10	21.50	78.60	1.20	0.00	0.00
106.20	28.90	26.30	23.10	21.50	78.60	1.30	0.00	0.00
106.30	28.90	26.50	23.30	21.60	78.60	1.30	0.00	0.00
106.40	29.00	26.50	23.20	21.50	78.60	1.30	0.00	0.00
106.50	29.00	26.50	23.20	21.50	78.70	1.50	0.00	0.00
106.60	28.80	26.40	23.20	21.50	78.60	1.20	0.00	0.00
106.70	28.80	26.40	23.20	21.50	78.30	1.60	0.00	0.00
106.80	28.80	26.40	23.20	21.50	78.60	1.30	0.00	0.00
106.90	28.90	26.50	23.20	21.60	78.70	1.00	0.00	0.00
107.00	28.90	26.50	23.30	21.70	78.30	1.50	0.00	0.00
107.10	28.90	26.50	23.30	21.70	78.70	1.30	0.00	0.00
107.20	28.80	26.50	23.20	21.60	78.70	1.30	0.00	0.00
107.30	28.50	26.10	23.00	21.30	78.30	1.20	0.00	0.00
107.40	28.50	26.10	23.00	21.30	78.30	1.00	0.00	0.00
107.50	28.70	26.50	23.30	21.60	78.60	1.60	0.00	0.00
107.60	28.80	26.40	23.20	21.40	78.40	1.30	0.00	0.00
107.70	28.80	26.40	23.20	21.40	78.30	1.60	0.00	0.00
107.80	28.80	26.50	23.30	21.70	78.40	1.60	0.00	0.00
107.90	28.80	26.60	23.30	21.70	78.60	1.60	0.00	0.00
108.00	28.80	26.60	23.30	21.70	78.60	1.00	0.00	0.00
108.10	28.90	26.50	23.30	21.70	78.60	1.30	0.00	0.00
108.20	29.00	26.50	23.30	21.50	78.60	1.30	0.00	0.00
108.30	29.00	26.50	23.30	21.50	79.00	1.50	0.00	0.00
108.40	28.70	26.40	23.20	21.60	78.90	1.20	0.00	0.00
108.50	28.80	26.40	23.30	21.50	78.40	1.50	0.00	0.00
108.60	28.80	26.40	23.30	21.50	78.70	1.50	0.00	0.00
108.70	28.80	26.40	23.20	21.60	78.60	1.80	0.00	0.00
108.80	28.80	26.40	23.20	21.60	78.60	1.20	0.00	0.00
108.90	28.90	26.50	23.30	21.60	78.70	1.50	0.00	0.00
109.00	28.90	26.50	23.30	21.50	78.40	1.80	0.00	0.00
109.10	28.90	26.50	23.30	21.50	78.40	1.80	0.00	0.00
109.20	28.70	26.30	23.20	21.50	78.00	1.20	0.00	0.00
109.30	28.90	26.60	23.40	21.60	78.60	1.30	0.00	0.00
109.40	28.90	26.60	23.40	21.60	78.40	1.30	0.00	0.00
109.50	28.80	26.50	23.30	21.50	78.40	1.30	0.00	0.00
109.60	28.90	26.40	23.30	21.60	78.30	1.50	0.00	0.00
109.70	28.90	26.40	23.30	21.60	78.70	1.50	0.00	0.00
109.80	28.90	26.40	23.20	21.50	78.70	1.50	0.00	0.00
109.90	28.80	26.40	23.20	21.50	78.90	1.50	0.00	0.00
110.00	28.80	26.40	23.20	21.50	78.90	1.50	0.00	0.00
110.10	28.90	26.50	23.30	21.70	78.60	1.30	0.00	0.00
110.20	28.90	26.50	23.30	21.70	78.60	0.70	0.00	0.00
110.30	28.60	26.30	23.20	21.40	78.90	1.80	0.00	0.00
110.40	28.70	26.50	23.30	21.50	78.40	1.60	0.00	0.00
110.50	28.70	26.50	23.30	21.50	78.40	1.30	0.00	0.00
110.60	28.80	26.50	23.30	21.70	78.90	1.20	0.00	0.00
110.70	28.70	26.50	23.20	21.60	78.00	1.30	0.00	0.00
110.80	28.70	26.50	23.20	21.60	78.60	1.20	0.00	0.00
110.90	28.80	26.50	23.30	21.50	78.60	1.20	0.00	0.00
111.00	28.90	26.50	23.30	21.60	78.70	1.20	0.00	0.00
111.10	28.90	26.50	23.30	21.60	78.30	1.30	0.00	0.00
111.20	28.80	26.40	23.30	21.60	78.10	1.30	0.00	0.00
111.30	28.60	26.50	23.30	21.60	78.60	0.80	0.00	0.00
111.40	28.60	26.50	23.30	21.60	78.10	1.30	0.00	0.00
111.50	28.80	26.50	23.40	21.70	78.30	1.20	0.00	0.00
111.60	28.80	26.50	23.30	21.60	78.30	1.50	0.00	0.00
111.70	28.80	26.50	23.30	21.60	78.40	1.30	0.00	0.00
111.80	28.80	26.50	23.30	21.60	78.30	1.50	0.00	0.00
111.90	28.90	26.60	23.30	21.60	78.30	1.50	0.00	0.00
112.00	28.90	26.60	23.30	21.60	78.30	1.80	0.00	0.00
112.10	28.80	26.50	23.30	21.50	78.90	1.80	0.00	0.00
112.20	28.70	26.40	23.20	21.60	78.60	1.20	0.00	0.00
112.30	28.70	26.40	23.20	21.60	78.90	1.20	0.00	0.00
112.40	28.70	26.50	23.20	21.50	78.90	1.50	0.00	0.00
112.50	28.70	26.50	23.20	21.50	78.60	1.60	0.00	0.00
112.60	28.70	26.50	23.30	21.60	78.40	1.00	0.00	0.00
112.70	28.80	26.50	23.20	21.50	78.30	1.50	0.00	0.00
112.80	28.80	26.50	23.20	21.50	78.30	1.50	0.00	0.00
112.90	28.60	26.50	23.20	21.60	78.60	1.20	0.00	0.00
113.00	28.80	26.50	23.30	21.60	78.60	1.50	0.00	0.00
113.10	28.80	26.50	23.30	21.60	78.40	1.50	0.00	0.00
113.20	28.70	26.50	23.30	21.50	78.40	1.30	0.00	0.00
113.30	28.70	26.50	23.30	21.50	78.70	1.00	0.00	0.00
113.40	28.60	26.40	23.30	21.60	78.90	1.00	0.00	0.00
113.50	28.60	26.40	23.10	21.50	78.90	1.50	0.00	0.00
113.60	28.60	26.40	23.10	21.50	78.60	1.50	0.00	0.00
113.70	28.70	26.40	23.30	21.60	78.60	1.50	0.00	0.00
113.80	28.70	26.50	23.30	21.60	78.40	1.50	0.00	0.00
113.90	28.70	26.50	23.30	21.60	78.60	1.30	0.00	0.00
114.00	28.80	26.40	23.30	21.70	77.50	1.30	0.00	0.00
114.10	28.60	26.50	23.20	21.50	78.60	1.50	0.00	0.00
114.20	28.60	26.50	23.20	21.50	78.60	1.50	0.00	0.00
114.30	28.60	26.40	23.30	21.50	78.70	1.50	0.00	0.00
114.40	28.60	26.40	23.30	21.50	78.90	1.50	0.00	0.00
114.50	28.60	26.60	23.20	21.70	78.40	1.20	0.00	0.00
114.60	28.70	26.50	23.30	21.60	78.40	1.30	0.00	0.00
114.70	28.70	26.50	23.30	21.60	78.40	1.30	0.00	0.00
114.80	28.70	26.50	23.30	21.50	78.40	1.30	0.00	0.00
114.90	28.70	26.50	23.30	21.50	78.40	1.20	0.00	0.00
115.00	28.60	26.40	23.30	21.70	78.60	1.20	0.00	0.00
115.10	28.60	26.40	23.30	21.40	78.30	1.00	0.00	0.00
115.20	28.60	26.40	23.30	21.40	78.70	1.30	0.00	0.00
115.30	28.70	26.50	23.30	21.50	78.30	1.60	0.00	0.00
115.40	28.70	26.50	23.30	21.50	78.40	1.30	0.00	0.00
115.50	28.50	26.50	23.20	21.60	78.70	1.20	0.00	0.00
115.60	28.50	26.60	23.20	21.60	78.70	1.20	0.00	0.00
115.70	28.50	26.60	23.20	21.60	79.20	1.50	0.00	0.00
115.80	28.60	26.60	23.30	21.60	78.60	1.20	0.00	0.00
115.90	28.50	26.40	23.20	21.50	78.60	1.60	0.00	0.00
116.00	28.50	26.40	23.20	21.50	78.60	1.20	0.00	0.00
116.10	28.70	26.60	23.20	21.50	78.70	1.30	0.00	0.00
116.20	28.70	26.60	23.20	21.50	78.60	1.30	0.00	0.00
116.30	28.50	26.50	23.20	21.50	78.70	1.00	0.00	0.00
116.40	28.60	26.40	23.30	21.50	78.70	1.20	0.00	0.00
116.50	28.60	26.40	23.30	21.50	78.60	1.60	0.00	0.00
116.60	28.70	26.50	23.40	21.60	78.60	1.60	0.00	0.00
116.70	28.60	26.40	23.30	21.60	78.60	1.60	0.00	0.00
116.80	28.60	26.40	23.20	21.50	78.70	1.50	0.00	0.00
116.90	28.60	26.40	23.20	21.50	78.40	1.30	0.00	0.00
117.00	28.50	26.50	23.30	21.50	78.60	1.60	0.00	0.00
117.10	28.50	26.50	23.30	21.50	78.40	1.50	0.00	0.00
117.20	28.50	26.40	23.20	21.50	78.10	1.80	0.00	0.00
117.30	28.50	26.50	23.40	21.50	78.60	1.50	0.00	0.00
117.40	28.50	26.50	23.40	21.50	78.30	1.60	0.00	0.00
117.50	28.50	26.40	23.20	21.50	78.40	1.60	0.00	0.00
117.60	28.60	26.40	23.20	21.50	78.40	1.60	0.00	0.00
117.70	28.60	26.40	23.20	21.50	78.60	1.30	0.00	0.00
117.80	28.60	26.50	23.30	21.60	78.70	1.30	0.00	0.00
117.90	28.50	26.40	23.30	21.70	77.80	1.80	0.00	0.00
118.00	28.50	26.40	23.30	21.70	78.60	1.60	0.00	0.00
118.10	28.50	26.50	23.30	21.70	78.40	1.60	0.00	0.00
118.20	28.50	26.40	23.30	21.60	78.30	1.80	0.00	0.00
118.30	28.50	26.40	23.30	21.60	78.70	1.60	0.00	0.00
118.40	28.40	26.50	23.30	21.70	78.70	1.50	0.00	0.00
118.50	28.40	26.50	23.30	21.70	78.70	1.50	0.00	0.00
118.60	28.50	26.40	23.10	21.50	78.40	1.30	0.00	0.00
118.70	28.30	26.40	23.20	21.50	78.70	1.30	0.00	0.00
